-2000	12.0685996114
-1999	12.0597817964
-1998	12.0552981617
-1997	12.0527574354
-1996	12.0481243461
-1995	12.0497683455
-1994	12.0369152593
-1993	12.0279479898
-1992	12.0313854431
-1991	12.0295919892
-1990	12.033776715
-1989	12.0400538036
-1988	12.0408010761
-1987	12.0367658048
-1986	12.0463308922
-1985	12.0390076222
-1984	12.0354207144
-1983	12.0369152593
-1982	12.0349723509
-1981	12.0369152593
-1980	12.0319832611
-1979	12.0316843521
-1978	12.041996712
-1977	12.0339261695
-1976	12.0481243461
-1975	12.0445374384
-1974	12.0485727096
-1973	12.0446868928
-1972	12.0538036168
-1971	12.0687490659
-1970	12.0644148857
-1969	12.067254521
-1968	12.076072336
-1967	12.0778657899
-1966	12.0753250635
-1965	12.0748767
-1964	12.0769690629
-1963	12.0753250635
-1962	12.0799581527
-1961	12.0729337917
-1960	12.0774174264
-1959	12.0690479749
-1958	12.0578388881
-1957	12.059632342
-1956	12.0756239725
-1955	12.0799581527
-1954	12.0753250635
-1953	12.0723359737
-1952	12.0693468839
-1951	12.0681512479
-1950	12.0702436108
-1949	12.0820505156
-1948	12.0744283366
-1947	12.0847406965
-1946	12.084591242
-1945	12.0923628755
-1944	12.0913166941
-1943	12.1058137797
-1942	12.1056643252
-1941	12.1062621432
-1940	12.1070094156
-1939	12.1129875953
-1938	12.1291286803
-1937	12.1373486773
-1936	12.1494544911
-1935	12.1566283067
-1934	12.1670901211
-1933	12.1793453893
-1932	12.1947392019
-1931	12.1951875654
-1930	12.2159617397
-1929	12.2304588253
-1928	12.2376326409
-1927	12.2419668211
-1926	12.2548199073
-1925	12.2457031834
-1924	12.2537737259
-1923	12.2615453594
-1922	12.260200269
-1921	12.2634882678
-1920	12.277835899
-1919	12.2758929906
-1918	12.2800777163
-1917	12.2678224481
-1916	12.2619937229
-1915	12.2712599014
-1914	12.2779853535
-1913	12.2745479002
-1912	12.2796293529
-1911	12.2823195337
-1910	12.2779853535
-1909	12.2888955313
-1908	12.294275893
-1907	12.2995068002
-1906	12.3010013451
-1905	12.3069795247
-1904	12.3151995217
-1903	12.3131071589
-1902	12.3183380661
-1901	12.3174413391
-1900	12.32013152
-1899	12.3159467942
-1898	12.3120609774
-1897	12.3157973397
-1896	12.3210282469
-1895	12.3123598864
-1894	12.3099686146
-1893	12.3237184277
-1892	12.3256613361
-1891	12.3243162457
-1890	12.3252129726
-1889	12.3264086086
-1888	12.3249140637
-1887	12.3289493349
-1886	12.3374682409
-1885	12.3386638768
-1884	12.3244657002
-1883	12.3162457032
-1882	12.3153489762
-1881	12.3154984307
-1880	12.3214766104
-1879	12.3229711553
-1878	12.3276042445
-1877	12.3214766104
-1876	12.327753699
-1875	12.3388133313
-1874	12.3376176954
-1873	12.3443431475
-1872	12.3479300553
-1871	12.3470333284
-1870	12.3394111493
-1869	12.3344791511
-1868	12.3374682409
-1867	12.3255118816
-1866	12.3187864295
-1865	12.3150500673
-1864	12.3095202511
-1863	12.3033926169
-1862	12.3032431625
-1861	12.2966671648
-1860	12.2881482589
-1859	12.2826184427
-1858	12.2754446271
-1857	12.252279181
-1856	12.2304588253
-1855	12.2256762816
-1854	12.2195486474
-1853	12.2052010163
-1852	12.2131221043
-1851	12.1993722911
-1850	12.1905544762
-1849	12.1862202959
-1848	12.1756090271
-1847	12.1615603049
-1846	12.1664923031
-1845	12.1581228516
-1844	12.1618592139
-1843	12.151845763
-1842	12.1415334031
-1841	12.1422806755
-1840	12.1364519504
-1839	12.1246450456
-1838	12.1161261396
-1837	12.1197130474
-1836	12.1079061426
-1835	12.1052159617
-1834	12.0958003288
-1833	12.0917650575
-1832	12.0775668809
-1831	12.0717381557
-1830	12.0741294276
-1829	12.0681512479
-1828	12.0636676132
-1827	12.0606785234
-1826	12.0594828875
-1825	12.0494694366
-1824	12.0488716186
-1823	12.0427439845
-1822	12.0312359886
-1821	12.0357196234
-1820	12.0237632641
-1819	12.0254072635
-1818	12.0204752653
-1817	12.0183829024
-1816	12.0152443581
-1815	12.0098639964
-1814	12.0050814527
-1813	11.9980570916
-1812	12.0023912719
-1811	12.0165894485
-1810	12.0243610821
-1809	12.0237632641
-1808	12.0239127186
-1807	12.016439994
-1806	12.0201763563
-1805	12.0137498132
-1804	12.0174861755
-1803	12.0028396353
-1802	11.9937229114
-1801	11.9863996413
-1800	11.9784785533
-1799	11.9708563742
-1798	11.9736960096
-1797	11.9729487371
-1796	11.9759378269
-1795	11.9811687341
-1794	11.9863996413
-1793	11.9874458227
-1792	11.9796741892
-1791	11.9813181886
-1790	11.9760872814
-1789	11.9732476461
-1788	11.9720520102
-1787	11.9759378269
-1786	11.9723509191
-1785	11.9795247347
-1784	11.9874458227
-1783	11.9964130922
-1782	12.0050814527
-1781	12.0059781796
-1780	12.0138992677
-1779	12.0143476311
-1778	12.0104618144
-1777	12.0146465401
-1776	12.0122552683
-1775	12.0189807204
-1774	12.0207741743
-1773	12.0207741743
-1772	12.0266028994
-1771	12.0307876252
-1770	12.0384098042
-1769	12.0431923479
-1768	12.0342250785
-1767	12.0455836198
-1766	12.0570916156
-1765	12.0617247048
-1764	12.0647137946
-1763	12.0706919743
-1762	12.0799581527
-1761	12.0914661486
-1760	12.0817516066
-1759	12.0823494246
-1758	12.0786130623
-1757	12.0829472426
-1756	12.0892243312
-1755	12.0944552384
-1754	12.1040203258
-1753	12.1064115977
-1752	12.1099985055
-1751	12.1125392318
-1750	12.1105963234
-1749	12.1155283216
-1748	12.1164250486
-1747	12.1161261396
-1746	12.1134359588
-1745	12.1195635929
-1744	12.1244955911
-1743	12.1227021372
-1742	12.1370497683
-1741	12.1349574055
-1740	12.1316694067
-1739	12.1241966821
-1738	12.1135854132
-1737	12.1159766851
-1736	12.1143326857
-1735	12.1134359588
-1734	12.1252428635
-1733	12.1240472276
-1732	12.1325661336
-1731	12.1346584965
-1730	12.134509042
-1729	12.1467643103
-1728	12.1578239426
-1727	12.1593184875
-1726	12.1630548498
-1725	12.1649977582
-1724	12.168285757
-1723	12.1694813929
-1722	12.1730683007
-1721	12.1806904797
-1720	12.1896577492
-1719	12.2022119265
-1718	12.1969810193
-1717	12.2132715588
-1716	12.2219399193
-1715	12.2193991929
-1714	12.2205948289
-1713	12.2226871918
-1712	12.218502466
-1711	12.2176057391
-1710	12.2150650127
-1709	12.209385742
-1708	12.2083395606
-1707	12.2119264684
-1706	12.2117770139
-1705	12.2243311912
-1704	12.2192497385
-1703	12.2220893738
-1702	12.2244806456
-1701	12.2329995516
-1700	12.2307577343
-1699	12.2343446421
-1698	12.2361380959
-1697	12.2315050067
-1696	12.2337468241
-1695	12.2401733672
-1694	12.2344940965
-1693	12.2343446421
-1692	12.2416679121
-1691	12.2380810043
-1690	12.2259751906
-1689	12.226124645
-1688	12.2176057391
-1687	12.2198475564
-1686	12.2162606486
-1685	12.2289642804
-1684	12.2325511882
-1683	12.2407711852
-1682	12.2410700942
-1681	12.235839187
-1680	12.235241369
-1679	12.2304588253
-1678	12.2301599163
-1677	12.2377820954
-1676	12.2409206397
-1675	12.2397250037
-1674	12.2479450007
-1673	12.2512329996
-1672	12.2460020924
-1671	12.2467493648
-1670	12.2451053654
-1669	12.2457031834
-1668	12.2521297265
-1667	12.2578089972
-1666	12.2564639067
-1665	12.2618442684
-1664	12.2593035421
-1663	12.2587057241
-1662	12.2515319085
-1661	12.2471977283
-1660	12.2504857271
-1659	12.2458526379
-1658	12.2455537289
-1657	12.2409206397
-1656	12.2301599163
-1655	12.2199970109
-1654	12.2183530115
-1653	12.2138693768
-1652	12.2010162905
-1651	12.1963832013
-1650	12.18502466
-1649	12.1741144821
-1648	12.1693319384
-1647	12.1672395755
-1646	12.159467942
-1645	12.1736661187
-1644	12.1569272157
-1643	12.151845763
-1642	12.1582723061
-1641	12.1558810342
-1640	12.1543864893
-1639	12.1584217606
-1638	12.1630548498
-1637	12.168584666
-1636	12.168883575
-1635	12.1732177552
-1634	12.1784486624
-1633	12.1742639366
-1632	12.1703781199
-1631	12.1775519354
-1630	12.1778508444
-1629	12.1769541175
-1628	12.1775519354
-1627	12.177103572
-1626	12.1745628456
-1625	12.1741144821
-1624	12.177103572
-1623	12.1775519354
-1622	12.1735166642
-1621	12.1814377522
-1620	12.1794948438
-1619	12.1733672097
-1618	12.1720221193
-1617	12.1785981169
-1616	12.177103572
-1615	12.1775519354
-1614	12.1854730235
-1613	12.1948886564
-1612	12.1787475714
-1611	12.1697803019
-1610	12.1606635779
-1609	12.1702286654
-1608	12.1690330294
-1607	12.168285757
-1606	12.1721715738
-1605	12.1753101181
-1604	12.1733672097
-1603	12.1811388432
-1602	12.1814377522
-1601	12.175907936
-1600	12.1784486624
-1599	12.177103572
-1598	12.1806904797
-1597	12.1862202959
-1596	12.1872664774
-1595	12.1860708414
-1594	12.1883126588
-1593	12.1978777462
-1592	12.1901061127
-1591	12.1821850247
-1590	12.1901061127
-1589	12.1956359289
-1588	12.1965326558
-1587	12.193842475
-1586	12.2049021073
-1585	12.2031086534
-1584	12.2161111941
-1583	12.2207442834
-1582	12.2294126438
-1581	12.2344940965
-1580	12.2307577343
-1579	12.2325511882
-1578	12.2353908235
-1577	12.244358093
-1576	12.251382454
-1575	12.2482439097
-1574	12.244059184
-1573	12.2413690031
-1572	12.2337468241
-1571	12.2407711852
-1570	12.2504857271
-1569	12.2509340906
-1568	12.2474966373
-1567	12.2439097295
-1566	12.2491406367
-1565	12.251681363
-1564	12.2503362726
-1563	12.2575100882
-1562	12.2564639067
-1561	12.2449559109
-1560	12.2415184576
-1559	12.2407711852
-1558	12.2412195486
-1557	12.2343446421
-1556	12.23494246
-1555	12.2265730085
-1554	12.2196981019
-1553	12.2214915558
-1552	12.2237333732
-1551	12.2394260948
-1550	12.2397250037
-1549	12.2347930055
-1548	12.2246301001
-1547	12.2231355552
-1546	12.2247795546
-1545	12.227320281
-1544	12.2328500971
-1543	12.226423554
-1542	12.2312060977
-1541	12.2282170079
-1540	12.2300104618
-1539	12.2400239127
-1538	12.243760275
-1537	12.251681363
-1536	12.2353908235
-1535	12.2395755492
-1534	12.2388282768
-1533	12.2500373636
-1532	12.2567628157
-1531	12.2451053654
-1530	12.2564639067
-1529	12.2613959049
-1528	12.2661784487
-1527	12.2660289942
-1526	12.2738006277
-1525	12.2730533553
-1524	12.2803766253
-1523	12.2815722612
-1522	12.2903900762
-1521	12.2963682559
-1520	12.311313705
-1519	12.3250635182
-1518	12.3349275146
-1517	12.3332835152
-1516	12.3507696906
-1515	12.3600358691
-1514	12.3685547751
-1513	12.3655656852
-1512	12.3712449559
-1511	12.3706471379
-1510	12.3730384098
-1509	12.3722911373
-1508	12.3749813182
-1507	12.3775220445
-1506	12.3902256763
-1505	12.3906740398
-1504	12.3957554925
-1503	12.4011358541
-1502	12.4084591242
-1501	12.4314751158
-1500	12.4350620236
-1499	12.4443282021
-1498	12.4464205649
-1497	12.4453743835
-1496	12.4504558362
-1495	12.4640561949
-1494	12.4819907338
-1493	12.4746674638
-1492	12.4758630997
-1491	12.4803467344
-1490	12.4773576446
-1489	12.4921536392
-1488	12.4967867284
-1487	12.5117321776
-1486	12.5218950829
-1485	12.5353459871
-1484	12.5453594381
-1483	12.5476012554
-1482	12.5580630698
-1481	12.5730085189
-1480	12.5768943357
-1479	12.5873561501
-1478	12.5852637872
-1477	12.5892990584
-1476	12.5979674189
-1475	12.5976685099
-1474	12.6088775968
-1473	12.6233746824
-1472	12.6354804962
-1471	12.6374234046
-1470	12.6498281273
-1469	12.6616350321
-1468	12.6712001196
-1467	12.6762815723
-1466	12.6818113884
-1465	12.6963084741
-1464	12.6916753848
-1463	12.7118517411
-1462	12.7061724705
-1461	12.7042295621
-1460	12.696906292
-1459	12.6880884771
-1458	12.706620834
-1457	12.7045284711
-1456	12.7091615603
-1455	12.7154386489
-1454	12.7296368256
-1453	12.7345688238
-1452	12.7426393663
-1451	12.7348677328
-1450	12.7336720968
-1449	12.7323270064
-1448	12.723359737
-1447	12.7211179196
-1446	12.7163353759
-1445	12.7105066507
-1444	12.7191750112
-1443	12.7172321028
-1442	12.7175310118
-1441	12.7106561052
-1440	12.7016888357
-1439	12.705425198
-1438	12.7030339262
-1437	12.7046779256
-1436	12.7143924675
-1435	12.7081153789
-1434	12.7131968316
-1433	12.7166342849
-1432	12.7196233747
-1431	12.7193244657
-1430	12.7248542819
-1429	12.7320280974
-1428	12.7196233747
-1427	12.7288895531
-1426	12.72246301
-1425	12.7293379166
-1424	12.7226124645
-1423	12.7149902855
-1422	12.7075175609
-1421	12.7078164699
-1420	12.7046779256
-1419	12.706321925
-1418	12.7040801076
-1417	12.7173815573
-1416	12.7120011956
-1415	12.7094604693
-1414	12.7097593783
-1413	12.7004931998
-1412	12.6859961142
-1411	12.6894335675
-1410	12.6922732028
-1409	12.6910775669
-1408	12.6909281124
-1407	12.7022866537
-1406	12.6997459274
-1405	12.6921237483
-1404	12.6930204753
-1403	12.6913764759
-1402	12.6903302944
-1401	12.6791212076
-1400	12.6685099387
-1399	12.6580481243
-1398	12.646988492
-1397	12.6445972201
-1396	12.629651771
-1395	12.6269615902
-1394	12.6266626812
-1393	12.6263637722
-1392	12.6167986848
-1391	12.6247197728
-1390	12.6114183231
-1389	12.6093259602
-1388	12.6082797788
-1387	12.6082797788
-1386	12.6112688686
-1385	12.6118666866
-1384	12.597070692
-1383	12.5906441489
-1382	12.5810790614
-1381	12.5762965177
-1380	12.570916156
-1379	12.5619488866
-1378	12.5686743387
-1377	12.5570168884
-1376	12.5573157973
-1375	12.5573157973
-1374	12.5444627111
-1373	12.5413241668
-1372	12.5467045285
-1371	12.5452099836
-1370	12.5375878045
-1369	12.5398296219
-1368	12.5435659842
-1367	12.5507397997
-1366	12.5471528919
-1365	12.5477507099
-1364	12.5447616201
-1363	12.5290688985
-1362	12.5275743536
-1361	12.520400538
-1360	12.511881632
-1359	12.5096398147
-1358	12.503960544
-1357	12.4942460021
-1356	12.4801972799
-1355	12.4775070991
-1354	12.4667463757
-1353	12.4637572859
-1352	12.4535943805
-1351	12.4519503811
-1350	12.4519503811
-1349	12.4510536542
-1348	12.4398445673
-1347	12.4422358392
-1346	12.4319234793
-1345	12.4256463907
-1344	12.4099536691
-1343	12.4024809446
-1342	12.3994918547
-1341	12.3879838589
-1340	12.3882827679
-1339	12.3900762218
-1338	12.3829024062
-1337	12.3758780451
-1336	12.3716933194
-1335	12.3704976835
-1334	12.3576445972
-1333	12.3539082349
-1332	12.3558511433
-1331	12.3548049619
-1330	12.3580929607
-1329	12.3667613212
-1328	12.3718427739
-1327	12.3734867733
-1326	12.3685547751
-1325	12.3709460469
-1324	12.3684053206
-1323	12.3760274996
-1322	12.3752802272
-1321	12.3712449559
-1320	12.3586907787
-1319	12.3642205948
-1318	12.3604842326
-1317	12.3571962337
-1316	12.3630249589
-1315	12.3685547751
-1314	12.3734867733
-1313	12.3642205948
-1312	12.3613809595
-1311	12.3701987745
-1310	12.3631744134
-1309	12.3664624122
-1308	12.3654162308
-1307	12.3746824092
-1306	12.3835002242
-1305	12.3848453146
-1304	12.3996413092
-1303	12.4009863996
-1302	12.3993424002
-1301	12.3984456733
-1300	12.4012853086
-1299	12.4027798535
-1298	12.4045733074
-1297	12.4017336721
-1296	12.3941114931
-1295	12.3972500374
-1294	12.4014347631
-1293	12.3994918547
-1292	12.4039754895
-1291	12.4089074877
-1290	12.4187714841
-1289	12.4256463907
-1288	12.4396951128
-1287	12.4471678374
-1286	12.4480645643
-1285	12.4544911075
-1284	12.461366014
-1283	12.4691376476
-1282	12.4642056494
-1281	12.4736212823
-1280	12.4743685548
-1279	12.4766103721
-1278	12.4803467344
-1277	12.4831863698
-1276	12.4831863698
-1275	12.4867732775
-1274	12.4896129129
-1273	12.4885667314
-1272	12.4967867284
-1271	12.5044089075
-1270	12.5208489015
-1269	12.5242863548
-1268	12.5278732626
-1267	12.528620535
-1266	12.5232401734
-1265	12.5268270812
-1264	12.5362427141
-1263	12.5302645344
-1262	12.5274248991
-1261	12.5263787177
-1260	12.5180092662
-1259	12.5180092662
-1258	12.5166641758
-1257	12.5073979973
-1256	12.4982812734
-1255	12.4923030937
-1254	12.4887161859
-1253	12.4930503662
-1252	12.4972350919
-1251	12.4870721865
-1250	12.4772081901
-1249	12.4674936482
-1248	12.4671947392
-1247	12.4659991033
-1246	12.4513525631
-1245	12.4501569272
-1244	12.4559856524
-1243	12.4494096548
-1242	12.4538932895
-1241	12.4594231057
-1240	12.4637572859
-1239	12.4577791063
-1238	12.4553878344
-1237	12.4636078314
-1236	12.4715289194
-1235	12.4639067404
-1234	12.4589747422
-1233	12.4491107458
-1232	12.445523838
-1231	12.4459722015
-1230	12.4429831116
-1229	12.4479151098
-1228	12.4503063817
-1227	12.4516514721
-1226	12.4479151098
-1225	12.446121656
-1224	12.4577791063
-1223	12.4662980123
-1222	12.46256165
-1221	12.4646540129
-1220	12.4676431027
-1219	12.4682409206
-1218	12.4651023763
-1217	12.4595725602
-1216	12.461366014
-1215	12.4520998356
-1214	12.4528471081
-1213	12.4516514721
-1212	12.4607681961
-1211	12.4547900164
-1210	12.453146017
-1209	12.4601703781
-1208	12.4561351069
-1207	12.4591241967
-1206	12.4677925572
-1205	12.4686892841
-1204	12.4662980123
-1203	12.4758630997
-1202	12.4731729188
-1201	12.4716783739
-1200	12.4766103721
-1199	12.4680914661
-1198	12.4648034673
-1197	12.4546405619
-1196	12.4519503811
-1195	12.4477656554
-1194	12.4503063817
-1193	12.4648034673
-1192	12.4671947392
-1191	12.4664474667
-1190	12.4737707368
-1189	12.4767598266
-1188	12.4801972799
-1187	12.4822896428
-1186	12.4828874608
-1185	12.4831863698
-1184	12.4921536392
-1183	12.495740547
-1182	12.496637274
-1181	12.496637274
-1180	12.4939470931
-1179	12.4961889105
-1178	12.4987296368
-1177	12.5059034524
-1176	12.5224929009
-1175	12.5272754446
-1174	12.5408758033
-1173	12.5458078015
-1172	12.5483485279
-1171	12.5452099836
-1170	12.5484979824
-1169	12.5496936183
-1168	12.5419219848
-1167	12.5514870722
-1166	12.5571663428
-1165	12.5637423405
-1164	12.5765954267
-1163	12.5725601554
-1162	12.5846659692
-1161	12.587953968
-1160	12.5921386938
-1159	12.6005081453
-1158	12.6090270513
-1157	12.6163503213
-1156	12.6315946794
-1155	12.639366313
-1154	12.6457928561
-1153	12.6534150351
-1152	12.663129577
-1151	12.664026304
-1150	12.6586459423
-1149	12.6737408459
-1148	12.6685099387
-1147	12.6741892094
-1146	12.6791212076
-1145	12.6816619339
-1144	12.6937677477
-1143	12.6989986549
-1142	12.7052757435
-1141	12.7094604693
-1140	12.7239575549
-1139	12.7205201016
-1138	12.7320280974
-1137	12.7380062771
-1136	12.7448811837
-1135	12.7605739052
-1134	12.7665520849
-1133	12.7791062621
-1132	12.7867284412
-1131	12.7949484382
-1130	12.7934538933
-1129	12.8028695262
-1128	12.8131818861
-1127	12.8219997011
-1126	12.8417276939
-1125	12.8503960544
-1124	12.857868779
-1123	12.8714691376
-1122	12.8840233149
-1121	12.8941862203
-1120	12.8950829472
-1119	12.8991182185
-1118	12.9089822149
-1117	12.9170527574
-1116	12.9212374832
-1115	12.9231803916
-1114	12.9336422059
-1113	12.9452996563
-1112	12.9499327455
-1111	12.9556120161
-1110	12.9533701988
-1109	12.9618891048
-1108	12.9678672844
-1107	12.9722014647
-1106	12.9822149156
-1105	12.9875952772
-1104	12.9855029144
-1103	12.9766850994
-1102	12.9789269168
-1101	12.9801225527
-1100	12.9858018233
-1099	12.9849050964
-1098	12.9861007323
-1097	12.9922283665
-1096	12.992078912
-1095	12.991481094
-1094	12.9850545509
-1093	12.9777312808
-1092	12.9725003736
-1091	12.9620385593
-1090	12.9623374682
-1089	12.9602451054
-1088	12.9599461964
-1087	12.9614407413
-1086	12.9599461964
-1085	12.950381109
-1084	12.9485876551
-1083	12.9357345688
-1082	12.9300552982
-1081	12.9228814826
-1080	12.9234793006
-1079	12.9185473023
-1078	12.9158571215
-1077	12.9219847556
-1076	12.9053953071
-1075	12.915707667
-1074	12.9100283964
-1073	12.9059931251
-1072	12.9183978479
-1071	12.915707667
-1070	12.916006576
-1069	12.9192945748
-1068	12.9246749365
-1067	12.9228814826
-1066	12.9264683904
-1065	12.9143625766
-1064	12.9164549395
-1063	12.9059931251
-1062	12.8926916754
-1061	12.8964280377
-1060	12.8801374981
-1059	12.8752054999
-1058	12.8704229562
-1057	12.8687789568
-1056	12.8619040502
-1055	12.85756987
-1054	12.8435211478
-1053	12.8345538783
-1052	12.8209535197
-1051	12.8200567927
-1050	12.8196084292
-1049	12.8190106113
-1048	12.8166193394
-1047	12.8089971604
-1046	12.8058586161
-1045	12.8058586161
-1044	12.7958451651
-1043	12.7936033478
-1042	12.7939022568
-1041	12.7859811687
-1040	12.7716335376
-1039	12.7707368106
-1038	12.7713346286
-1037	12.7868778957
-1036	12.7834404424
-1035	12.7795546256
-1034	12.790315349
-1033	12.7846360783
-1032	12.7885218951
-1031	12.7942011657
-1030	12.8018233448
-1029	12.8024211628
-1028	12.8042146166
-1027	12.8030189807
-1026	12.8098938873
-1025	12.8225975191
-1024	12.8233447915
-1023	12.8239426095
-1022	12.8303691526
-1021	12.8414287849
-1020	12.8639964131
-1019	12.8738604095
-1018	12.8793902257
-1017	12.882229861
-1016	12.8798385891
-1015	12.8807353161
-1014	12.8764011359
-1013	12.8750560454
-1012	12.8801374981
-1011	12.8838738604
-1010	12.8820804065
-1009	12.8843222239
-1008	12.8931400389
-1007	12.9024062173
-1006	12.9028545808
-1005	12.9047974892
-1004	12.9062920341
-1003	12.9216858467
-1002	12.9192945748
-1001	12.9299058437
-1000	12.9309520251
-999	12.9269167538
-998	12.9311014796
-997	12.9349872964
-996	12.9381258407
-995	12.9349872964
-994	12.9426094754
-993	12.9470931101
-992	12.9632341952
-991	12.9726498281
-990	12.9811687341
-989	12.991481094
-988	12.9892392766
-987	12.9893887311
-986	12.9938723659
-985	13.0056792707
-984	13.0089672695
-983	13.0183829024
-982	13.0310865342
-981	13.0440890749
-980	13.0521596174
-979	13.0680017935
-978	13.0798086983
-977	13.0874308773
-976	13.0904199671
-975	13.0895232402
-974	13.1025257809
-973	13.1011806905
-972	13.0996861456
-971	13.1125392318
-970	13.1234494097
-969	13.1264384995
-968	13.1343595875
-967	13.1445224929
-966	13.1505006725
-965	13.1548348528
-964	13.1505006725
-963	13.1602152145
-962	13.1661933941
-961	13.1602152145
-960	13.1602152145
-959	13.1654461217
-958	13.1699297564
-957	13.1724704827
-956	13.1769541175
-955	13.1811388432
-954	13.1842773875
-953	13.1848752055
-952	13.1808399342
-951	13.185622478
-950	13.1826333881
-949	13.1815872067
-948	13.1744133911
-947	13.1543864893
-946	13.1454192198
-945	13.1425795845
-944	13.143625766
-943	13.1524435809
-942	13.1525930354
-941	13.1596173965
-940	13.1564788522
-939	13.1470632192
-938	13.1524435809
-937	13.1596173965
-936	13.1617097594
-935	13.1488566731
-934	13.1398894037
-933	13.1406366761
-932	13.1380959498
-931	13.1312210432
-930	13.1203108653
-929	13.1204603198
-928	13.1143326857
-927	13.1146315947
-926	13.1113435959
-925	13.1014795995
-924	13.0935585114
-923	13.0765206994
-922	13.0700941563
-921	13.0529068899
-920	13.0487221641
-919	13.0360185324
-918	13.0204752653
-917	13.0221192647
-916	13.0174861755
-915	13.0134509042
-914	13.0070243611
-913	13.0020923629
-912	12.9862501868
-911	12.9834105515
-910	12.9771334629
-909	12.9701091018
-908	12.9605440143
-907	12.9566581976
-906	12.9436556569
-905	12.9282618443
-904	12.9201913017
-903	12.9224331191
-902	12.9173516664
-901	12.908384397
-900	12.9115229413
-899	12.9100283964
-898	12.9028545808
-897	12.8862651323
-896	12.8832760424
-895	12.8858167688
-894	12.8852189508
-893	12.8729636826
-892	12.8699745927
-891	12.8690778658
-890	12.8581676879
-889	12.8526378718
-888	12.8590644149
-887	12.857868779
-886	12.8538335077
-885	12.8492004185
-884	12.8433716933
-883	12.8387386041
-882	12.831415334
-881	12.8246898819
-880	12.815872067
-879	12.8113884322
-878	12.81497534
-877	12.8148258855
-876	12.8109400687
-875	12.8160215214
-874	12.8137797041
-873	12.8199073382
-872	12.8245404274
-871	12.8264833358
-870	12.8157226125
-869	12.814676431
-868	12.8208040652
-867	12.8254371544
-866	12.8296218801
-865	12.8160215214
-864	12.8119862502
-863	12.8130324316
-862	12.8260349724
-861	12.8308175161
-860	12.8279778807
-859	12.8393364221
-858	12.8418771484
-857	12.8586160514
-856	12.8605589598
-855	12.8642953221
-854	12.8681811388
-853	12.8702735017
-852	12.8810342251
-851	12.8852189508
-850	12.9022567628
-849	12.9025556718
-848	12.9119713047
-847	12.9152593035
-846	12.9249738455
-845	12.941563294
-844	12.9466447467
-843	12.948886564
-842	12.9639814676
-841	12.983261097
-840	12.9934240024
-839	13.0121058138
-838	13.0306381707
-837	13.0455836198
-836	13.0499178
-835	13.0727843372
-834	13.0819010611
-833	13.1026752354
-832	13.1201614109
-831	13.1327155881
-830	13.1446719474
-829	13.1667912121
-828	13.1872664774
-827	13.2040053804
-826	13.2120759229
-825	13.2222388283
-824	13.2403228217
-823	13.251681363
-822	13.2667762666
-821	13.2748468091
-820	13.294275893
-819	13.3111642505
-818	13.3250635182
-817	13.344791511
-816	13.3652667763
-815	13.3815573158
-814	13.3971005829
-813	13.411747123
-812	13.4310267524
-811	13.4525481991
-810	13.4682409206
-809	13.4857270961
-808	13.5068001793
-807	13.5272754446
-806	13.5496936183
-805	13.5612016141
-804	13.580630698
-803	13.5927365117
-802	13.6136601405
-801	13.639067404
-800	13.6510237633
-799	13.6683604842
-798	13.6761321178
-797	13.6943655657
-796	13.7040801076
-795	13.722164101
-794	13.7323270064
-793	13.7575848154
-792	13.7728291735
-791	13.8052607981
-790	13.8157226125
-789	13.8233447915
-788	13.8336571514
-787	13.8506949634
-786	13.8599611418
-785	13.8717680466
-784	13.8749065909
-783	13.8792407712
-782	13.891346585
-781	13.8917949484
-780	13.890150949
-779	13.8941862203
-778	13.9047974892
-777	13.908085488
-776	13.9172022119
-775	13.924824391
-774	13.9273651173
-773	13.9291585712
-772	13.9275145718
-771	13.9287102077
-770	13.9273651173
-769	13.9207891197
-768	13.9212374832
-767	13.9122702137
-766	13.9176505754
-765	13.9082349425
-764	13.9089822149
-763	13.9033029443
-762	13.8958302197
-761	13.8934389478
-760	13.8911971305
-759	13.8735615005
-758	13.8628007772
-757	13.8472575101
-756	13.8315647885
-755	13.8227469735
-754	13.8112389777
-753	13.7986848005
-752	13.790315349
-751	13.7774622627
-750	13.7622179046
-749	13.7441339112
-748	13.7368106412
-747	13.7254520998
-746	13.706620834
-745	13.6930204753
-744	13.6738903004
-743	13.6689583022
-742	13.6513226722
-741	13.6454939471
-740	13.6459423106
-739	13.6368255866
-738	13.622029592
-737	13.613211777
-736	13.6054401435
-735	13.5975190554
-734	13.5752503363
-733	13.5532805261
-732	13.5314601704
-731	13.5144223584
-730	13.5038110895
-729	13.4779554626
-728	13.4682409206
-727	13.4541921985
-726	13.4438798386
-725	13.4358092961
-724	13.4250485727
-723	13.4223583919
-722	13.4042743984
-721	13.3976984008
-720	13.3770736811
-719	13.3586907787
-718	13.3470333284
-717	13.3392616948
-716	13.3302944253
-715	13.3169929756
-714	13.2930802571
-713	13.2797788074
-712	13.2691675385
-711	13.2551188163
-710	13.2552682708
-709	13.2468988193
-708	13.2463010013
-707	13.2474966373
-706	13.2389777313
-705	13.2297115528
-704	13.2294126438
-703	13.218203557
-702	13.2114781049
-701	13.2111791959
-700	13.210282469
-699	13.2069944702
-698	13.1941413839
-697	13.1930952025
-696	13.1960842923
-695	13.1896577492
-694	13.1923479301
-693	13.1754595726
-692	13.1774024809
-691	13.1729188462
-690	13.1669406666
-689	13.1732177552
-688	13.1757584815
-687	13.1718726648
-686	13.184426842
-685	13.1854730235
-684	13.1978777462
-683	13.2046031983
-682	13.1983261097
-681	13.2028097444
-680	13.2101330145
-679	13.2225377373
-678	13.2407711852
-677	13.2590046331
-676	13.2705126289
-675	13.2841129876
-674	13.2899417127
-673	13.3002540726
-672	13.3078762517
-671	13.3276042445
-670	13.3282020625
-669	13.3413540577
-668	13.3446420565
-667	13.3401584218
-666	13.3443431475
-665	13.3483784188
-664	13.3580929607
-663	13.370348229
-662	13.3767747721
-661	13.4003885817
-660	13.4192198476
-659	13.4355103871
-658	13.461366014
-657	13.4815423703
-656	13.496338365
-655	13.5063518159
-654	13.5180092662
-653	13.5239874458
-652	13.5405768943
-651	13.5477507099
-650	13.563592886
-649	13.5867583321
-648	13.6109699596
-647	13.629651771
-646	13.6559557615
-645	13.6770288447
-644	13.6942161112
-643	13.7152891944
-642	13.7520549993
-641	13.7835898969
-640	13.8000298909
-639	13.8142280676
-638	13.8315647885
-637	13.8433716933
-636	13.857270961
-635	13.8761022269
-634	13.8876102227
-633	13.9015094904
-632	13.9136153041
-631	13.9234793006
-630	13.9509789269
-629	13.9633836497
-628	13.9730981916
-627	13.9875952772
-626	14.0020923629
-625	14.0191301749
-624	14.0306381707
-623	14.0375130773
-622	14.0576894336
-621	14.0748767
-620	14.0989388731
-619	14.1149305037
-618	14.1219548647
-617	14.1412344941
-616	14.1488566731
-615	14.1549843073
-614	14.168883575
-613	14.1642504857
-612	14.1729188462
-611	14.1754595726
-610	14.1869675684
-609	14.1974293828
-608	14.2071439247
-607	14.2123748319
-606	14.2089373786
-605	14.1939919295
-604	14.1859213869
-603	14.1815872067
-602	14.1839784786
-601	14.1821850247
-600	14.1908533851
-599	14.1917501121
-598	14.1805410253
-597	14.1723210282
-596	14.1678373935
-595	14.1609624869
-594	14.159766851
-593	14.1558810342
-592	14.1536392169
-591	14.1513973995
-590	14.1334628606
-589	14.1216559558
-588	14.1173217755
-587	14.1055148707
-586	14.0971454192
-585	14.0792108803
-584	14.0685996114
-583	14.0642654312
-582	14.0455836198
-581	14.0382603497
-580	14.0286952623
-579	14.0124047228
-578	14.008817815
-577	13.9944701838
-576	13.9732476461
-575	13.9496338365
-574	13.9287102077
-573	13.9130174862
-572	13.891047676
-571	13.8753549544
-570	13.8630996861
-569	13.8327604245
-568	13.8055597071
-567	13.7838888059
-566	13.7675982663
-565	13.7566880885
-564	13.7297862801
-563	13.7151397399
-562	13.6998953819
-561	13.6951128381
-560	13.697803019
-559	13.6831564789
-558	13.6670153938
-557	13.6416081303
-556	13.62262741
-555	13.6112688686
-554	13.5931848752
-553	13.5812285159
-552	13.5768943357
-551	13.5650874309
-550	13.5477507099
-549	13.5354954416
-548	13.5280227171
-547	13.5242863548
-546	13.5035121805
-545	13.4982812734
-544	13.4900612763
-543	13.4810940069
-542	13.4683903751
-541	13.4495591093
-540	13.4494096548
-539	13.4416380212
-538	13.4250485727
-537	13.4098042146
-536	13.4017336721
-535	13.3845464056
-534	13.3842474966
-533	13.3743835002
-532	13.3817067703
-531	13.3835002242
-530	13.37737259
-529	13.3696009565
-528	13.3742340457
-527	13.3660140487
-526	13.3669107757
-525	13.3728889553
-524	13.3815573158
-523	13.3808100433
-522	13.3902256763
-521	13.3891794948
-520	13.386489314
-519	13.3945598565
-518	13.3984456733
-517	13.4011358541
-516	13.402630399
-515	13.3941114931
-514	13.4078613062
-513	13.412344941
-512	13.4166791212
-511	13.428187117
-510	13.4334180242
-509	13.4518009266
-508	13.4607681961
-507	13.4712300105
-506	13.4757136452
-505	13.4854281871
-504	13.4942460021
-503	13.5088925422
-502	13.5241369003
-501	13.5432670752
-500	13.5511881632
-499	13.5592587057
-498	13.5710656105
-497	13.5779405171
-496	13.5976685099
-495	13.6205350471
-494	13.64758631
-493	13.6688088477
-492	13.6768793902
-491	13.7028844717
-490	13.7103571962
-489	13.722164101
-488	13.7335226424
-487	13.7375579136
-486	13.7664026304
-485	13.7852338963
-484	13.8151247945
-483	13.8332087879
-482	13.8430727843
-481	13.8616051412
-480	13.873113137
-479	13.8805858616
-478	13.9100283964
-477	13.9382752952
-476	13.9490360185
-475	13.9626363772
-474	13.9717531012
-473	13.9998505455
-472	14.0098639964
-471	14.0283963533
-470	14.0379614407
-469	14.0523090719
-468	14.0687490659
-467	14.0811537887
-466	14.0950530563
-465	14.1215065013
-464	14.1454192198
-463	14.1705275744
-462	14.1954864744
-461	14.209385742
-460	14.2449559109
-459	14.2560155433
-458	14.2743984457
-457	14.2835151696
-456	14.2926318936
-455	14.3089224331
-454	14.3178897026
-453	14.3349275146
-452	14.3568973248
-451	14.361829323
-450	14.3733373188
-449	14.3914213122
-448	14.3997907637
-447	14.4159318488
-446	14.427888208
-445	14.4395456583
-444	14.4562845614
-443	14.4728740099
-442	14.4849798236
-441	14.488118368
-440	14.4982812734
-439	14.5002241817
-438	14.5005230907
-437	14.4999252728
-436	14.5017187266
-435	14.5087430877
-434	14.5026154536
-433	14.5072485428
-432	14.5065012704
-431	14.5053056344
-430	14.4973845464
-429	14.4931998207
-428	14.4911074578
-427	14.4981318189
-426	14.4967867284
-425	14.4982812734
-424	14.4900612763
-423	14.4769092811
-422	14.46256165
-421	14.4434314751
-420	14.4326707518
-419	14.4250485727
-418	14.4163802122
-417	14.4145867583
-416	14.402630399
-415	14.3882827679
-414	14.3772231356
-413	14.360633687
-412	14.3467344194
-411	14.3259602451
-410	14.3234195188
-409	14.3138544313
-408	14.3060827978
-407	14.2869526229
-406	14.2712599014
-405	14.2436108205
-404	14.2213421013
-403	14.2040053804
-402	14.1868181139
-401	14.1655955761
-400	14.1416828576
-399	14.1276341354
-398	14.1113435959
-397	14.092213421
-396	14.076371245
-395	14.0656105216
-394	14.0451352563
-393	14.0282468988
-392	14.0037363623
-391	13.9822149156
-390	13.9559109251
-389	13.933343297
-388	13.9172022119
-387	13.8787924077
-386	13.8590644149
-385	13.8400836945
-384	13.8296218801
-383	13.8160215214
-382	13.7840382603
-381	13.7662531759
-380	13.7415931849
-379	13.7154386489
-378	13.6945150202
-377	13.6839037513
-376	13.6599910327
-375	13.6453444926
-374	13.6326408609
-373	13.6103721417
-372	13.5927365117
-371	13.587655059
-370	13.5704677926
-369	13.5667314303
-368	13.545658347
-367	13.5344492602
-366	13.5368405321
-365	13.5278732626
-364	13.5229412644
-363	13.5174114482
-362	13.4973845464
-361	13.496039456
-360	13.4920041847
-359	13.4890150949
-358	13.4920041847
-357	13.4887161859
-356	13.4846809147
-355	13.4728740099
-354	13.4757136452
-353	13.4794500075
-352	13.46988492
-351	13.4680914661
-350	13.4746674638
-349	13.4873710955
-348	13.4976834554
-347	13.5027649081
-346	13.5109849051
-345	13.5183081752
-344	13.5260798087
-343	13.5308623524
-342	13.5516365267
-341	13.5558212524
-340	13.5652368854
-339	13.5789866986
-338	13.5869077866
-337	13.5943805111
-336	13.6076819608
-335	13.6169481393
-334	13.6404124944
-333	13.6584964878
-332	13.6758332088
-331	13.6984008369
-330	13.713944104
-329	13.7302346436
-328	13.7554924525
-327	13.7779106262
-326	13.8055597071
-325	13.8269316993
-324	13.8494993275
-323	13.8681811388
-322	13.8873113137
-321	13.9155582125
-320	13.9366312958
-319	13.9559109251
-318	13.9766850994
-317	13.999402182
-316	14.016439994
-315	14.0403527126
-314	14.0694963384
-313	14.0956508743
-312	14.1283814079
-311	14.1608130324
-310	14.1863697504
-309	14.2214915558
-308	14.2575100882
-307	14.285756987
-306	14.3035420714
-305	14.3349275146
-304	14.3627260499
-303	14.3845464056
-302	14.4213122104
-301	14.4594231057
-300	14.4929009117
-299	14.5223434464
-298	14.5489463458
-297	14.5863099686
-296	14.6160514123
-295	14.6537139441
-294	14.6865939321
-293	14.7125990136
-292	14.7381557316
-291	14.7646091765
-290	14.7870273502
-289	14.8291735167
-288	14.8463607831
-287	14.8814825886
-286	14.9043491257
-285	14.9258705724
-284	14.9476909281
-283	14.975340009
-282	15.0014945449
-281	15.007921088
-280	15.0118069048
-279	15.0266028994
-278	15.0472276192
-277	15.0538036168
-276	15.0657599761
-275	15.0699447018
-274	15.0832461515
-273	15.1044686893
-272	15.1120908683
-271	15.1149305037
-270	15.1289792258
-269	15.1291286803
-268	15.1407861306
-267	15.1461664923
-266	15.1485577642
-265	15.151247945
-264	15.160364669
-263	15.1596173965
-262	15.1524435809
-261	15.1519952175
-260	15.1440741294
-259	15.142131221
-258	15.1327155881
-257	15.1234494097
-256	15.1147810492
-255	15.0863846959
-254	15.0700941563
-253	15.0485727096
-252	15.0188312659
-251	14.9944701838
-250	14.9783290988
-249	14.9542669257
-248	14.940367658
-247	14.9213869377
-246	14.9039007622
-245	14.8769989538
-244	14.8632491406
-243	14.8333582424
-242	14.8069047975
-241	14.773875355
-240	14.7378568226
-239	14.6934688387
-238	14.6477357645
-237	14.6058885069
-236	14.5670303393
-235	14.5142729039
-234	14.4664474667
-233	14.4265431176
-232	14.3806605889
-231	14.3276042445
-230	14.2848602601
-229	14.2164101031
-228	14.1551337618
-227	14.0923628755
-226	14.0212225377
-225	13.9545658347
-224	13.8820804065
-223	13.8157226125
-222	13.7553429981
-221	13.6937677477
-220	13.622328501
-219	13.5571663428
-218	13.4993274548
-217	13.4335674787
-216	13.3560005978
-215	13.3023464355
-214	13.2291137349
-213	13.1599163055
-212	13.0977432372
-211	13.0313854431
-210	12.9623374682
-209	12.890449858
-208	12.8239426095
-207	12.7617695412
-206	12.6958601106
-205	12.6268121357
-204	12.5625467045
-203	12.4890150949
-202	12.428187117
-201	12.3554027799
-200	12.2832162606
-199	12.209684651
-198	12.1458675833
-197	12.0810043342
-196	12.0095650874
-195	11.9432072934
-194	11.8832760424
-193	11.8092960693
-192	11.7405470034
-191	11.6623823046
-190	11.5919892393
-189	11.5269765356
-188	11.4509041997
-187	11.3900762218
-186	11.3105664325
-185	11.2338962786
-184	11.176206845
-183	11.1055148707
-182	11.050814527
-181	10.9807203706
-180	10.9130174862
-179	10.8589149604
-178	10.7995815274
-177	10.7287400986
-176	10.6592437603
-175	10.5848154237
-174	10.5186070841
-173	10.4550889254
-172	10.3941114931
-171	10.328351517
-170	10.2706620834
-169	10.2087879241
-168	10.1543864893
-167	10.101330145
-166	10.0410999851
-165	9.9898370946
-164	9.93887311314
-163	9.88163204304
-162	9.82962188014
-161	9.78553280526
-160	9.73202809744
-159	9.67508593633
-158	9.62322522792
-157	9.56897324765
-156	9.5344492602
-155	9.4840830967
-154	9.43954565835
-153	9.41129875953
-152	9.37229113735
-151	9.34225078464
-150	9.30369152593
-149	9.26513226722
-148	9.2285159169
-147	9.20400538036
-146	9.17291884621
-145	9.13764758631
-144	9.11836795696
-143	9.09086833059
-142	9.05858616051
-141	9.01898072037
-140	8.98415782394
-139	8.94515020176
-138	8.91705275744
-137	8.89493349275
-136	8.87640113585
-135	8.848752055
-134	8.82752951726
-133	8.80645643402
-132	8.79210880287
-131	8.77551935436
-130	8.75369899865
-129	8.73710955014
-128	8.722761919
-127	8.70213719922
-126	8.69391720221
-125	8.6756837543
-124	8.65102376326
-123	8.62606486325
-122	8.60947541474
-121	8.58182633388
-120	8.56688088477
-119	8.55955761471
-118	8.55163652668
-117	8.55567179794
-116	8.55193543566
-115	8.55253325362
-114	8.54177253026
-113	8.546256165
-112	8.55432670752
-111	8.54969361829
-110	8.56673143028
-109	8.57719324466
-108	8.55522343446
-107	8.54595725602
-106	8.54819907338
-105	8.52682708115
-104	8.51337617695
-103	8.5177103572
-102	8.52503362726
-101	8.53056344343
-100	8.53684053206
-99	8.55178598117
-98	8.55342998057
-97	8.56598415782
-96	8.57764160813
-95	8.59273651173
-94	8.61754595726
-93	8.63682558661
-92	8.66327903153
-91	8.67971902556
-90	8.7091615603
-89	8.73651173218
-88	8.76939172022
-87	8.8016738903
-86	8.84426842027
-85	8.87699895382
-84	8.91346584965
-83	8.94126438499
-82	8.97608728142
-81	9.02077417426
-80	9.05933343297
-79	9.09445523838
-78	9.12927813481
-77	9.17037811986
-76	9.21073083246
-75	9.24465700194
-74	9.27918098939
-73	9.33149006128
-72	9.37602749963
-71	9.41443730384
-70	9.46824092064
-69	9.52906889852
-68	9.588252877
-67	9.65132267225
-66	9.7293379166
-65	9.79763861904
-64	9.85891496039
-63	9.93558511433
-62	10.0040352713
-61	10.0841428785
-60	10.1666417576
-59	10.2322522792
-58	10.3071289792
-57	10.3929158571
-56	10.4822896428
-55	10.5759976087
-54	10.6691077567
-53	10.7604244508
-52	10.8611567778
-51	10.9642803766
-50	11.0745777911
-49	11.1883126588
-48	11.3105664325
-47	11.429382753
-46	11.5473023464
-45	11.6777761172
-44	11.7956957107
-43	11.9272156628
-42	12.0642654312
-41	12.1969810193
-40	12.3250635182
-39	12.4564340158
-38	12.570916156
-37	12.7024361082
-36	12.8335076969
-35	12.9986549096
-34	13.1525930354
-33	13.2896428038
-32	13.454042744
-31	13.6199372291
-30	13.765356449
-29	13.9046480347
-28	14.0570916156
-27	14.209684651
-26	14.3373187864
-25	14.478403826
-24	14.6212823195
-23	14.7541473621
-22	14.9009116724
-21	15.0381108952
-20	15.1645493947
-19	15.2823195337
-18	15.4253474817
-17	15.538335077
-16	15.6614855776
-15	15.7785084442
-14	15.8894036766
-13	16.008219997
-12	16.1336123151
-11	16.2439097295
-10	16.3660140487
-9	16.4809445524
-8	16.5733074279
-7	16.664325213
-6	16.7629651771
-5	16.8512927813
-4	16.9348378419
-3	17.0195785383
-2	17.0926617845
-1	17.1848752055
0	17.252279181
1	17.3171424301
2	17.3817067703
3	17.4395456583
4	17.4813929159
5	17.5322074428
6	17.5827230608
7	17.6023015992
8	17.639067404
9	17.664624122
10	17.6686593932
11	17.7004931998
12	17.6958601106
13	17.6939172022
14	17.7028844717
15	17.7133462861
16	17.6991481094
17	17.6740397549
18	17.6667164848
19	17.6437004932
20	17.6277088627
21	17.6075325064
22	17.5810790614
23	17.5558212524
24	17.504259453
25	17.4392467494
26	17.3963533104
27	17.3480795098
28	17.2832162606
29	17.2201464654
30	17.1516963085
31	17.0621730683
32	16.9792258257
33	16.9127185772
34	16.8451651472
35	16.8242415185
36	16.8309669706
37	16.7197728292
38	16.6655208489
39	16.6441488567
40	16.5114332686
41	16.4204154835
42	16.3205798834
43	16.2235839187
44	16.1274846809
45	16.0210730832
46	15.9104767598
47	15.8215513376
48	15.7288895531
49	15.6363772231
50	15.5392318039
51	15.4407412943
52	15.3308922433
53	15.2430130025
54	15.1642504857
55	15.06755343
56	14.9804214617
57	14.8882080407
58	14.8027200717
59	14.7208190106
60	14.6309968615
61	14.5405768943
62	14.4509041997
63	14.360932596
64	14.2732028097
65	14.2072933792
66	14.1328650426
67	14.0545508893
68	13.9907338216
69	13.9267672994
70	13.8581676879
71	13.8095949783
72	13.7354655507
73	13.6783739351
74	13.6218801375
75	13.5703183381
76	13.5169630847
77	13.4589747422
78	13.420863847
79	13.3731878643
80	13.3286504259
81	13.2817217157
82	13.2452548199
83	13.2186519205
84	13.185622478
85	13.1687341205
86	13.1452697654
87	13.1288297713
88	13.1023763264
89	13.0853385144
90	13.0869825138
91	13.0552981617
92	13.0360185324
93	13.034374533
94	13.0198774473
95	13.0046330892
96	13.0061276341
97	13.0106112689
98	13.0152443581
99	13.0146465401
100	13.0110596323
101	13.0146465401
102	13.0339261695
103	13.0561948887
104	13.0938574204
105	13.1358541324
106	13.1618592139
107	13.1781497534
108	13.1733672097
109	13.1037214168
110	13.1482588552
111	13.1636526678
112	13.1191152294
113	13.1869675684
114	13.22761919
115	13.269018084
116	13.3120609774
117	13.3652667763
118	13.4144373038
119	13.4673441937
120	13.512180541
121	13.563592886
122	13.6024510537
123	13.6665670303
124	13.714541922
125	13.7753698999
126	13.8475564191
127	13.907188761
128	13.9594978329
129	14.0228665371
130	14.0832461515
131	14.1271857719
132	14.2120759229
133	14.2742489912
134	14.3199820655
135	14.4136900314
136	14.4761620087
137	14.5479001644
138	14.6232252279
139	14.6954117471
140	14.7649080855
141	14.8421760574
142	14.9006127634
143	14.9603945599
144	15.0300403527
145	15.0972948737
146	15.1649977582
147	15.2477955463
148	15.3172918846
149	15.3712449559
150	15.4562845614
151	15.5135256314
152	15.5734568824
153	15.6531161261
154	15.7128979226
155	15.7637124496
156	15.8378418771
157	15.8858167688
158	15.9285607533
159	15.9935734569
160	16.0393065312
161	16.0841428785
162	16.1540875803
163	16.1842773875
164	16.2340457331
165	16.2845613511
166	16.3008518906
167	16.3305933343
168	16.3885816769
169	16.4075623973
170	16.4389478404
171	16.4843820057
172	16.5006725452
173	16.5190554476
174	16.5399790764
175	16.5277238081
176	16.5044089075
177	16.4955910925
178	16.4728740099
179	16.4579285608
180	16.4529965625
181	16.4304289344
182	16.4144373038
183	16.4071140338
184	16.3743835002
185	16.3625765954
186	16.3574951427
187	16.3328351517
188	16.2981617098
189	16.2679719026
190	16.2286653714
191	16.1777013899
192	16.1361530414
193	16.1020774174
194	16.0410999851
195	15.9971603647
196	15.9393214766
197	15.873113137
198	15.8214018831
199	15.747720819
200	15.6717979375
201	15.6144074129
202	15.5514870722
203	15.4849798236
204	15.4328202062
205	15.3409056942
206	15.2637871768
207	15.192646839
208	15.092213421
209	15.0086683605
210	14.9215363922
211	14.8276789718
212	14.7411448214
213	14.6676132118
214	14.5742041548
215	14.4991780003
216	14.4235540278
217	14.3323867882
218	14.2376326409
219	14.151845763
220	14.059632342
221	13.9638320132
222	13.899267673
223	13.8018233448
224	13.7173815573
225	13.6404124944
226	13.5568674339
227	13.4821401883
228	13.4229562098
229	13.3389627858
230	13.2699148109
231	13.2143177402
232	13.1412344941
233	13.0712897923
234	13.008219997
235	12.9322971155
236	12.8681811388
237	12.8089971604
238	12.7511582723
239	12.6930204753
240	12.6526677627
241	12.5855626962
242	12.5220445374
243	12.4688387386
244	12.3971005829
245	12.3534598715
246	12.3153489762
247	12.2773875355
248	12.2527275445
249	12.2307577343
250	12.2035570169
251	12.1747123001
252	12.1579733971
253	12.1327155881
254	12.1088028695
255	12.1019279629
256	12.0813032432
257	12.0594828875
258	12.0554476162
259	12.0291436258
260	12.0156927216
261	12.0210730832
262	12.0257061725
263	12.0127036317
264	12.0412494395
265	12.0491705276
266	12.041697803
267	12.0591839785
268	12.0629203408
269	12.0554476162
270	12.0949036019
271	12.1070094156
272	12.1197130474
273	12.1500523091
274	12.160364669
275	12.1790464803
276	12.2083395606
277	12.2315050067
278	12.2639366313
279	12.3126587954
280	12.3648184128
281	12.4011358541
282	12.4588252877
283	12.5108354506
284	12.5471528919
285	12.5994619638
286	12.629651771
287	12.6683604842
288	12.7248542819
289	12.773576446
290	12.8257360634
291	12.9034523987
292	12.9600956509
293	13.0070243611
294	13.0723359737
295	13.1192646839
296	13.1718726648
297	13.2373337319
298	13.2897922583
299	13.3335824242
300	13.3884322224
301	13.4380511134
302	13.4836347332
303	13.5523837991
304	13.6023015992
305	13.6444477657
306	13.7160364669
307	13.7631146316
308	13.8052607981
309	13.8674338664
310	13.9140636676
311	13.9521745628
312	14.025556718
313	14.0644148857
314	14.1053654162
315	14.1721715738
316	14.2229861007
317	14.2763413541
318	14.3352264236
319	14.3722911373
320	14.3999402182
321	14.4435809296
322	14.4855776416
323	14.5115827231
324	14.5668808848
325	14.5875056045
326	14.6057390525
327	14.6351815872
328	14.646988492
329	14.6661186669
330	14.6943655657
331	14.7079659244
332	14.7284411897
333	14.748318637
334	14.7655059035
335	14.773576446
336	14.8000298909
337	14.7885218951
338	14.7879240771
339	14.8115378867
340	14.8104917053
341	14.8048124346
342	14.8246898819
343	14.7994320729
344	14.7852338963
345	14.7816469885
346	14.7626662681
347	14.7525033627
348	14.7399491855
349	14.7100582873
350	14.681363025
351	14.6620833956
352	14.6167986848
353	14.5701688836
354	14.546853983
355	14.4987296368
356	14.4450754745
357	14.412046032
358	14.3619787775
359	14.3270064265
360	14.2975638918
361	14.2471977283
362	14.201165745
363	14.1563293977
364	14.0829472426
365	14.0168883575
366	13.9621880137
367	13.8914960395
368	13.8303691526
369	13.781497534
370	13.7131968316
371	13.6450455836
372	13.5892990584
373	13.5310118069
374	13.4654012853
375	13.4039754895
376	13.3338813331
377	13.2839635331
378	13.2301599163
379	13.1561799432
380	13.0959497833
381	13.0484232551
382	12.9828127335
383	12.9234793006
384	12.8835749514
385	12.7961440741
386	12.7338215513
387	12.6856972052
388	12.6184426842
389	12.5526827081
390	12.4970856374
391	12.4329696607
392	12.3754296817
393	12.3456882379
394	12.2749962636
395	12.2117770139
396	12.167986848
397	12.1046181438
398	12.0629203408
399	12.033776715
400	11.9919294575
401	11.9479898371
402	11.9095800329
403	11.865789867
404	11.8161709759
405	11.7835898969
406	11.747720819
407	11.7036317441
408	11.6658197579
409	11.6375728591
410	11.6087281423
411	11.5851143327
412	11.5552234345
413	11.5368405321
414	11.5284710806
415	11.4991780003
416	11.4804961889
417	11.4857270961
418	11.4758630997
419	11.4731729188
420	11.4740696458
421	11.4746674638
422	11.4737707368
423	11.4821401883
424	11.4806456434
425	11.4885667314
426	11.5129278135
427	11.5180092662
428	11.5296667165
429	11.5520848902
430	11.5603048872
431	11.570617247
432	11.5910925123
433	11.6115677776
434	11.6229263189
435	11.6570019429
436	11.6865939321
437	11.7158870124
438	11.7598266328
439	11.7901658945
440	11.8432222388
441	11.8873113137
442	11.9178000299
443	11.9545658347
444	12.0035869078
445	12.0390076222
446	12.0727843372
447	12.1200119564
448	12.1697803019
449	12.2092362876
450	12.2433119115
451	12.286354805
452	12.3337318786
453	12.3881333134
454	12.4240023913
455	12.4692871021
456	12.5129278135
457	12.5419219848
458	12.5919892393
459	12.6490808549
460	12.6955612016
461	12.7415931849
462	12.8054102526
463	12.85756987
464	12.9012105814
465	12.950381109
466	12.9726498281
467	13.0306381707
468	13.0920639665
469	13.1391421312
470	13.1872664774
471	13.2371842774
472	13.2718577193
473	13.310416978
474	13.3639216858
475	13.4021820356
476	13.4453743835
477	13.5053056344
478	13.5588103423
479	13.6054401435
480	13.655208489
481	13.7049768346
482	13.7293379166
483	13.7719324466
484	13.8048124346
485	13.8267822448
486	13.8693767748
487	13.8982214916
488	13.9234793006
489	13.966821103
490	13.9841578239
491	14.0001494545
492	14.0312359886
493	14.0479748916
494	14.0547003437
495	14.0886265132
496	14.0987894186
497	14.1062621432
498	14.1295770438
499	14.1283814079
500	14.1316694067
501	14.1497534001
502	14.1584217606
503	14.1623075773
504	14.1702286654
505	14.1638021223
506	14.1476610372
507	14.1505006725
508	14.1282319534
509	14.1038708713
510	14.0955014198
511	14.0723359737
512	14.0555970707
513	14.0254072635
514	13.9986549096
515	13.9727992826
516	13.9608429233
517	13.9367807503
518	13.9109251233
519	13.8895531311
520	13.8523389628
521	13.8193095203
522	13.7940517113
523	13.7590793603
524	13.7120011956
525	13.6692572112
526	13.613809595
527	13.5727096099
528	13.5413241668
529	13.4969361829
530	13.4576296518
531	13.428187117
532	13.3748318637
533	13.3102675235
534	13.2703631744
535	13.2022119265
536	13.1534897624
537	13.1068599611
538	13.0644148857
539	13.0194290838
540	12.9742938275
541	12.9194440293
542	12.857868779
543	12.8083993424
544	12.7454790016
545	12.6809146615
546	12.6441488567
547	12.5816768794
548	12.5408758033
549	12.4879689135
550	12.4240023913
551	12.3642205948
552	12.3132566134
553	12.2554177253
554	12.1966821103
555	12.1618592139
556	12.1085039605
557	12.0569421611
558	12.0106112689
559	11.950381109
560	11.9019578538
561	11.8647436855
562	11.814377522
563	11.7510088178
564	11.7164848304
565	11.6526677627
566	11.6034972351
567	11.5724107009
568	11.528919444
569	11.4897623674
570	11.4671947392
571	11.428784935
572	11.3993424002
573	11.3667613212
574	11.3256613361
575	11.2820206247
576	11.2588551786
577	11.2315050067
578	11.210581378
579	11.2013151995
580	11.1690330294
581	11.1485577642
582	11.1358541324
583	11.1203108653
584	11.1037214168
585	11.0974443282
586	11.0848901509
587	11.0789119713
588	11.0910177851
589	11.0739799731
590	11.0588850695
591	11.0684501569
592	11.0612763414
593	11.0633687042
594	11.0685996114
595	11.0656105216
596	11.0680017935
597	11.0932596025
598	11.108952324
599	11.1289792258
600	11.1487072187
601	11.1416828576
602	11.1525930354
603	11.1769541175
604	11.1878642953
605	11.2132715588
606	11.2483933642
607	11.2619937229
608	11.2926318936
609	11.3261096996
610	11.3560005978
611	11.3835002242
612	11.4246002092
613	11.4588252877
614	11.4905096398
615	11.5345987147
616	11.5644896129
617	11.6017037812
618	11.646689583
619	11.680466298
620	11.7200717382
621	11.7635629951
622	11.8033178897
623	11.8357495143
624	11.8858167688
625	11.9201913017
626	11.9603945599
627	12.0092661784
628	12.0394559857
629	12.0829472426
630	12.1324166791
631	12.1871170229
632	12.2201464654
633	12.2773875355
634	12.3246151547
635	12.3568973248
636	12.4232551188
637	12.4594231057
638	12.5024659991
639	12.5496936183
640	12.587953968
641	12.6257659543
642	12.6783739351
643	12.7061724705
644	12.7351666418
645	12.7822448065
646	12.8188611568
647	12.857868779
648	12.9151098491
649	12.9505305634
650	12.9834105515
651	13.0149454491
652	13.0257061725
653	13.051113436
654	13.0910177851
655	13.1162755941
656	13.1340606785
657	13.1663428486
658	13.1796442983
659	13.1916006576
660	13.22761919
661	13.2315050067
662	13.243162457
663	13.260798087
664	13.2600508145
665	13.2669257211
666	13.2814228068
667	13.2890449858
668	13.2814228068
669	13.2959198924
670	13.2879988044
671	13.277835899
672	13.2917351666
673	13.2914362577
674	13.2977133463
675	13.3147511583
676	13.3045882529
677	13.2908384397
678	13.2835151696
679	13.2705126289
680	13.25990136
681	13.2540726349
682	13.2359886415
683	13.2077417426
684	13.2019130175
685	13.1706770288
686	13.1431774025
687	13.125691227
688	13.0960992378
689	13.0748767
690	13.058436706
691	13.025855627
692	12.991182185
693	12.9796741892
694	12.9355851143
695	12.9021073083
696	12.891047676
697	12.8462113287
698	12.815274249
699	12.790315349
700	12.7596771783
701	12.7236586459
702	12.6919742938
703	12.6537139441
704	12.604393962
705	12.5830219698
706	12.5396801674
707	12.4952921835
708	12.4718278284
709	12.4187714841
710	12.377970408
711	12.3464355104
712	12.3054849798
713	12.269615902
714	12.2286653714
715	12.1848752055
716	12.14243013
717	12.125691227
718	12.083694515
719	12.0361679868
720	12.0004483635
721	11.9479898371
722	11.9065909431
723	11.8810342251
724	11.8426244209
725	11.8215513376
726	11.7934538933
727	11.7514571813
728	11.7188761022
729	11.6848004783
730	11.6435510387
731	11.6108205052
732	11.5955761471
733	11.5495441638
734	11.5226423554
735	11.4894634584
736	11.4655507398
737	11.445224929
738	11.4353609326
739	11.4089074877
740	11.3778209535
741	11.3660140487
742	11.3287998804
743	11.3078762517
744	11.2993573457
745	11.2585562696
746	11.2353908235
747	11.2283664624
748	11.201464654
749	11.1827828426
750	11.1806904797
751	11.1524435809
752	11.1425795845
753	11.1370497683
754	11.1264384995
755	11.1032730534
756	11.1134359588
757	11.0947541474
758	11.1028246899
759	11.1079061426
760	11.1065610522
761	11.1068599611
762	11.1167239576
763	11.1162755941
764	11.1222537737
765	11.1313704977
766	11.118069048
767	11.1309221342
768	11.1581228516
769	11.1635032133
770	11.1745628456
771	11.1963832013
772	11.2095351965
773	11.2174562846
774	11.2457031834
775	11.25257809
776	11.2613959049
777	11.2906889852
778	11.2989089822
779	11.3180391571
780	11.3464355104
781	11.3540576894
782	11.3796144074
783	11.4115976685
784	11.4256463907
785	11.453444926
786	11.4816918248
787	11.4939470931
788	11.5136750859
789	11.5525332536
790	11.5591092512
791	11.5722612465
792	11.6169481393
793	11.6439994022
794	11.6720968465
795	11.6982513825
796	11.7118517411
797	11.7330742789
798	11.7767149903
799	11.8134807951
800	11.8309669706
801	11.8613062323
802	11.9050963981
803	11.9391720221
804	11.9783290988
805	12.0103123599
806	12.0348228964
807	12.0709908833
808	12.1120908683
809	12.1376475863
810	12.1777013899
811	12.193244657
812	12.2116275594
813	12.2504857271
814	12.2727544463
815	12.2986100732
816	12.3407562397
817	12.3574951427
818	12.3855925871
819	12.4165296667
820	12.4392467494
821	12.4547900164
822	12.4900612763
823	12.5062023614
824	12.5236885368
825	12.5493947093
826	12.5774921536
827	12.5821252429
828	12.6164997758
829	12.6242714094
830	12.6428037663
831	12.6556568525
832	12.6596921237
833	12.6700044836
834	12.6855477507
835	12.6859961142
836	12.6806157525
837	12.7009415633
838	12.7003437453
839	12.706023016
840	12.7181288298
841	12.7084142878
842	12.696906292
843	12.7085637423
844	12.6927215663
845	12.6783739351
846	12.6759826633
847	12.6520699447
848	12.6441488567
849	12.6465401285
850	12.6289044986
851	12.6309968615
852	12.6290539531
853	12.6091765058
854	12.6088775968
855	12.5976685099
856	12.579733971
857	12.5682259752
858	12.555372889
859	12.5350470782
860	12.5271259901
861	12.520400538
862	12.4997758183
863	12.4761620087
864	12.4677925572
865	12.4470183829
866	12.4268420266
867	12.4157823943
868	12.3976984008
869	12.3857420415
870	12.3800627709
871	12.3382155134
872	12.3069795247
873	12.2881482589
874	12.2640860858
875	12.2186519205
876	12.1948886564
877	12.168285757
878	12.134509042
879	12.1129875953
880	12.0819010611
881	12.0551487072
882	12.034374533
883	12.0007472725
884	11.9786280078
885	11.9750411
886	11.9515767449
887	11.9288596622
888	11.9175011209
889	11.8925422209
890	11.8698251382
891	11.8622029592
892	11.8369451502
893	11.8051113436
894	11.8031684352
895	11.7693917202
896	11.7502615454
897	11.7411448214
898	11.7173815573
899	11.6815124795
900	11.6815124795
901	11.6490808549
902	11.6429532207
903	11.6272604992
904	11.6060379614
905	11.5873561501
906	11.5780899716
907	11.5589597967
908	11.5441638021
909	11.5552234345
910	11.5307128979
911	11.5186070841
912	11.5220445374
913	11.5153190853
914	11.5003736362
915	11.5075474518
916	11.4939470931
917	11.4943954566
918	11.4987296368
919	11.4903601853
920	11.5020176356
921	11.5114332686
922	11.5136750859
923	11.5168136302
924	11.5250336273
925	11.5163652668
926	11.5257808997
927	11.5226423554
928	11.5256314452
929	11.5244358093
930	11.5268270812
931	11.5221939919
932	11.5157674488
933	11.5278732626
934	11.5323568973
935	11.5319085339
936	11.5437154386
937	11.5464056195
938	11.5444627111
939	11.5534299806
940	11.5571663428
941	11.5552234345
942	11.5595576147
943	11.5652368854
944	11.5725601554
945	11.5921386938
946	11.6000597818
947	11.6094754147
948	11.6442983112
949	11.6604393962
950	11.6686593932
951	11.6986997459
952	11.7108055597
953	11.7188761022
954	11.7405470034
955	11.7492153639
956	11.7620684502
957	11.7789568077
958	11.7747720819
959	11.7849349873
960	11.8079509789
961	11.8211029741
962	11.8273800628
963	11.8451651472
964	11.8556269616
965	11.8690778658
966	11.8943356748
967	11.899566582
968	11.9221342101
969	11.9475414736
970	11.9644298311
971	11.9762367359
972	12.0107607234
973	12.0080705425
974	12.0303392617
975	12.0403527126
976	12.0503661635
977	12.0636676132
978	12.0865341504
979	12.0949036019
980	12.1068599611
981	12.1276341354
982	12.1300254073
983	12.1488566731
984	12.1702286654
985	12.1655955761
986	12.1611119414
987	12.1778508444
988	12.1830817516
989	12.1911522941
990	12.2022119265
991	12.2063966522
992	12.2120759229
993	12.2168584666
994	12.2156628307
995	12.2146166492
996	12.2211926468
997	12.218502466
998	12.2283664624
999	12.2353908235
1000	12.2380810043
1001	12.243760275
1002	12.2555671798
1003	12.2616948139
1004	12.2651322672
1005	12.2841129876
1006	12.2770886265
1007	12.2733522642
1008	12.2812733523
1009	12.2799282618
1010	12.285458078
1011	12.301898072
1012	12.3042893439
1013	12.2993573457
1014	12.3165446122
1015	12.3080257062
1016	12.3074278882
1017	12.3083246152
1018	12.3078762517
1019	12.3083246152
1020	12.310715887
1021	12.3023464355
1022	12.2893438948
1023	12.2817217157
1024	12.2603497235
1025	12.243760275
1026	12.2341951876
1027	12.2101330145
1028	12.2007173816
1029	12.184725751
1030	12.1791959348
1031	12.1766552085
1032	12.1652966672
1033	12.151247945
1034	12.1422806755
1035	12.1286803168
1036	12.1227021372
1037	12.1200119564
1038	12.1228515917
1039	12.1035719623
1040	12.0854879689
1041	12.0690479749
1042	12.042295621
1043	12.0136003587
1044	12.0041847258
1045	11.9733971006
1046	11.9620385593
1047	11.9426094754
1048	11.9189956658
1049	11.9004633089
1050	11.8870124047
1051	11.8729636826
1052	11.8448662382
1053	11.8403826035
1054	11.8193095203
1055	11.7946495292
1056	11.781497534
1057	11.7595277238
1058	11.7363622777
1059	11.7205201016
1060	11.7024361082
1061	11.6897324765
1062	11.6789717531
1063	11.6735913914
1064	11.6644746675
1065	11.6584964878
1066	11.6453444926
1067	11.6356299507
1068	11.6250186818
1069	11.6076819608
1070	11.5892990584
1071	11.5770437902
1072	11.5622477955
1073	11.5431176207
1074	11.5248841728
1075	11.5148707219
1076	11.5072485428
1077	11.5011209087
1078	11.4967867284
1079	11.4927514572
1080	11.4803467344
1081	11.4694365566
1082	11.4692871021
1083	11.4603198326
1084	11.446121656
1085	11.4384994769
1086	11.4371543865
1087	11.420564938
1088	11.4166791212
1089	11.411149305
1090	11.4187714841
1091	11.4083096697
1092	11.4066656703
1093	11.4002391272
1094	11.3932147661
1095	11.3965027649
1096	11.3971005829
1097	11.395606038
1098	11.4060678523
1099	11.4184725751
1100	11.4274398446
1101	11.4431325661
1102	11.4501569272
1103	11.4432820206
1104	11.4405918398
1105	11.4407412943
1106	11.4428336572
1107	11.4407412943
1108	11.4544911075
1109	11.4509041997
1110	11.4476162009
1111	11.445224929
1112	11.4579285608
1113	11.4742191003
1114	11.479001644
1115	11.4876700045
1116	11.5172619937
1117	11.5269765356
1118	11.5363921686
1119	11.5413241668
1120	11.5531310716
1121	11.5562696159
1122	11.5686743387
1123	11.5798834255
1124	11.5761470632
1125	11.5903452399
1126	11.5955761471
1127	11.604393962
1128	11.6253175908
1129	11.6336870423
1130	11.6366761321
1131	11.6522193992
1132	11.6668659393
1133	11.6750859363
1134	11.680466298
1135	11.6903302944
1136	11.6830070244
1137	11.6915259304
1138	11.6916753848
1139	11.6964579286
1140	11.7093110148
1141	11.7151397399
1142	11.7250037364
1143	11.7374084591
1144	11.7417426394
1145	11.7472724555
1146	11.7586309969
1147	11.7674488118
1148	11.7741742639
1149	11.781497534
1150	11.7882229861
1151	11.7797040801
1152	11.7874757136
1153	11.8003287999
1154	11.8078015244
1155	11.8125840682
1156	11.8248393364
1157	11.8321626065
1158	11.8378418771
1159	11.8351516963
1160	11.8463607831
1161	11.8625018682
1162	11.8693767748
1163	11.856374234
1164	11.8725153191
1165	11.8762516814
1166	11.8847705874
1167	11.899566582
1168	11.9006127634
1169	11.9040502167
1170	11.9146614856
1171	11.916604394
1172	11.9061425796
1173	11.9028545808
1174	11.8962785832
1175	11.9010611269
1176	11.9053953071
1177	11.9100283964
1178	11.9185473023
1179	11.9318487521
1180	11.9400687491
1181	11.9363323868
1182	11.9457480197
1183	11.9424600209
1184	11.9358840233
1185	11.9281123898
1186	11.9192945748
1187	11.9158571215
1188	11.9197429383
1189	11.9175011209
1190	11.8979225826
1191	11.9028545808
1192	11.9137647586
1193	11.9106262143
1194	11.9305036616
1195	11.9379763862
1196	11.9299058437
1197	11.9339411149
1198	11.9393214766
1199	11.9290091167
1200	11.9260200269
1201	11.9197429383
1202	11.9170527574
1203	11.9257211179
1204	11.9300552982
1205	11.915707667
1206	11.9161560305
1207	11.9064414886
1208	11.8956807652
1209	11.9067403975
1210	11.9106262143
1211	11.9172022119
1212	11.9222836646
1213	11.9216858467
1214	11.9293080257
1215	11.9270662083
1216	11.9300552982
1217	11.9315498431
1218	11.9285607533
1219	11.932147661
1220	11.9296069347
1221	11.9183978479
1222	11.9180989389
1223	11.9146614856
1224	11.9173516664
1225	11.9198923928
1226	11.9095800329
1227	11.9067403975
1228	11.9043491257
1229	11.8892542221
1230	11.882229861
1231	11.8793902257
1232	11.8798385891
1233	11.8903004035
1234	11.8764011359
1235	11.8607084143
1236	11.8723658646
1237	11.8617545957
1238	11.8666865939
1239	11.8704229562
1240	11.8629502317
1241	11.8589149604
1242	11.8583171424
1243	11.8538335077
1244	11.8520400538
1245	11.8544313257
1246	11.8619040502
1247	11.8659393215
1248	11.8623524137
1249	11.8647436855
1250	11.8626513227
1251	11.857868779
1252	11.8432222388
1253	11.8439695113
1254	11.8448662382
1255	11.8441189658
1256	11.8471080556
1257	11.856673143
1258	11.8704229562
1259	11.8807353161
1260	11.8867134957
1261	11.8917949484
1262	11.8840233149
1263	11.908085488
1264	11.9107756688
1265	11.9089822149
1266	11.9085338514
1267	11.9019578538
1268	11.8885069496
1269	11.8919444029
1270	11.8946345838
1271	11.8889553131
1272	11.8968764011
1273	11.9047974892
1274	11.9049469437
1275	11.9085338514
1276	11.9176505754
1277	11.9197429383
1278	11.9396203856
1279	11.9463458377
1280	11.9572560155
1281	11.9624869227
1282	11.9529218353
1283	11.949783291
1284	11.9526229263
1285	11.9433567479
1286	11.9450007473
1287	11.948886564
1288	11.9547152892
1289	11.949185473
1290	11.9506800179
1291	11.9493349275
1292	11.9496338365
1293	11.9589000149
1294	11.9704080108
1295	11.9765356449
1296	11.9937229114
1297	12.0062770886
1298	12.0209236288
1299	12.0445374384
1300	12.0478254372
1301	12.0436407114
1302	12.0603796144
1303	12.0680017935
1304	12.0711403378
1305	12.0762217905
1306	12.0621730683
1307	12.0680017935
1308	12.084591242
1309	12.0860857869
1310	12.0799581527
1311	12.0789119713
1312	12.0811537887
1313	12.0721865192
1314	12.0935585114
1315	12.1025257809
1316	12.101330145
1317	12.1116425049
1318	12.1140337767
1319	12.1144821402
1320	12.1213570468
1321	12.1270363174
1322	12.1276341354
1323	12.1425795845
1324	12.1510984905
1325	12.1614108504
1326	12.1611119414
1327	12.1669406666
1328	12.1754595726
1329	12.1815872067
1330	12.1754595726
1331	12.176505754
1332	12.1711253923
1333	12.1720221193
1334	12.1657450306
1335	12.1802421163
1336	12.1694813929
1337	12.1549843073
1338	12.1657450306
1339	12.1730683007
1340	12.1697803019
1341	12.1923479301
1342	12.2047526528
1343	12.2095351965
1344	12.2213421013
1345	12.2364370049
1346	12.2373337319
1347	12.244358093
1348	12.2424151846
1349	12.2391271858
1350	12.2448064564
1351	12.2433119115
1352	12.2439097295
1353	12.2455537289
1354	12.2506351816
1355	12.2645344493
1356	12.2627409954
1357	12.2667762666
1358	12.2749962636
1359	12.2742489912
1360	12.2720071738
1361	12.2726049918
1362	12.2806755343
1363	12.2835151696
1364	12.2912868032
1365	12.3010013451
1366	12.3060827978
1367	12.3092213421
1368	12.3172918846
1369	12.2996562547
1370	12.3011507996
1371	12.2888955313
1372	12.2773875355
1373	12.2797788074
1374	12.2944253475
1375	12.2935286205
1376	12.2947242565
1377	12.3014497086
1378	12.2999551637
1379	12.3147511583
1380	12.3298460619
1381	12.3358242415
1382	12.3293976984
1383	12.3429980571
1384	12.352114781
1385	12.344193693
1386	12.3619787775
1387	12.3531609625
1388	12.3467344194
1389	12.3494246002
1390	12.3482289643
1391	12.3539082349
1392	12.3495740547
1393	12.3485278733
1394	12.3421013301
1395	12.3468838739
1396	12.335973696
1397	12.3304438798
1398	12.3282020625
1399	12.3216260649
1400	12.3120609774
1401	12.2963682559
1402	12.2897922583
1403	12.2767897175
1404	12.2649828127
1405	12.2745479002
1406	12.277835899
1407	12.2871020774
1408	12.2826184427
1409	12.2841129876
1410	12.2990584367
1411	12.2835151696
1412	12.2875504409
1413	12.2869526229
1414	12.268121357
1415	12.2564639067
1416	12.2575100882
1417	12.2552682708
1418	12.2404722762
1419	12.2374831864
1420	12.2300104618
1421	12.2271708265
1422	12.2315050067
1423	12.2229861007
1424	12.2156628307
1425	12.2177551935
1426	12.2101330145
1427	12.1975788372
1428	12.1907039307
1429	12.1848752055
1430	12.1684352115
1431	12.1658944851
1432	12.1490061276
1433	12.1325661336
1434	12.1176206845
1435	12.1096995965
1436	12.0883276042
1437	12.0823494246
1438	12.067852339
1439	12.0499178
1440	12.0458825288
1441	12.0307876252
1442	12.0303392617
1443	12.0218203557
1444	12.016439994
1445	12.0056792707
1446	12.0017934539
1447	11.9859512778
1448	11.9798236437
1449	11.9766850994
1450	11.9672694664
1451	11.9547152892
1452	11.9366312958
1453	11.9213869377
1454	11.9040502167
1455	11.9036018532
1456	11.8865640412
1457	11.8752054999
1458	11.8692273203
1459	11.8571215065
1460	11.8469586011
1461	11.848453146
1462	11.8373935137
1463	11.8297713346
1464	11.8209535197
1465	11.8249887909
1466	11.8164698849
1467	11.8190106113
1468	11.8128829771
1469	11.8016738903
1470	11.797638619
1471	11.7874757136
1472	11.7749215364
1473	11.7649080855
1474	11.7617695412
1475	11.7590793603
1476	11.7829920789
1477	11.7816469885
1478	11.7659542669
1479	11.7622179046
1480	11.7544462711
1481	11.7513077268
1482	11.7495142729
1483	11.7489164549
1484	11.7448811837
1485	11.7284411897
1486	11.7314302795
1487	11.7332237334
1488	11.7348677328
1489	11.7275444627
1490	11.7167837394
1491	11.7157375579
1492	11.7140935585
1493	11.7081153789
1494	11.7043790166
1495	11.7048273801
1496	11.7114033777
1497	11.7105066507
1498	11.7064713795
1499	11.7103571962
1500	11.721865192
1501	11.714541922
1502	11.7239575549
1503	11.7275444627
1504	11.7238081004
1505	11.7297862801
1506	11.7374084591
1507	11.7371095501
1508	11.7281422807
1509	11.7536989987
1510	11.7508593633
1511	11.7655059035
1512	11.7713346286
1513	11.7683455388
1514	11.7728291735
1515	11.7795546256
1516	11.7895680765
1517	11.7916604394
1518	11.8040651622
1519	11.8133313406
1520	11.8184127933
1521	11.8264833358
1522	11.8293229712
1523	11.8260349724
1524	11.8393364221
1525	11.8547302346
1526	11.8604095053
1527	11.8775967718
1528	11.8844716784
1529	11.8950829472
1530	11.908085488
1531	11.9101778508
1532	11.9101778508
1533	11.907786579
1534	11.9113734868
1535	11.9287102077
1536	11.9328949335
1537	11.9487371096
1538	11.9545658347
1539	11.9593483784
1540	11.9654760126
1541	11.9687640114
1542	11.982962188
1543	11.9883425497
1544	11.991182185
1545	12.0195785383
1546	12.0446868928
1547	12.0564937976
1548	12.0659094306
1549	12.058137797
1550	12.0663577941
1551	12.0790614258
1552	12.0877297863
1553	12.0880286953
1554	12.0904199671
1555	12.0977432372
1556	12.0937079659
1557	12.1082050516
1558	12.1146315947
1559	12.1192646839
1560	12.1286803168
1561	12.1294275893
1562	12.1330144971
1563	12.1482588552
1564	12.1612613959
1565	12.1709759378
1566	12.1826333881
1567	12.1945897474
1568	12.1896577492
1569	12.1908533851
1570	12.193543566
1571	12.1947392019
1572	12.1941413839
1573	12.1960842923
1574	12.1921984756
1575	12.1993722911
1576	12.2034075624
1577	12.2063966522
1578	12.2196981019
1579	12.2350919145
1580	12.2489911822
1581	12.2576595427
1582	12.2491406367
1583	12.2555671798
1584	12.2489911822
1585	12.2465999103
1586	12.235839187
1587	12.2338962786
1588	12.2325511882
1589	12.2141682858
1590	12.2137199223
1591	12.2080406516
1592	12.1872664774
1593	12.192646839
1594	12.1756090271
1595	12.1611119414
1596	12.1675384845
1597	12.1609624869
1598	12.150949036
1599	12.1470632192
1600	12.13510686
1601	12.1261395905
1602	12.1273352264
1603	12.1140337767
1604	12.1153788671
1605	12.1067105067
1606	12.1158272306
1607	12.1061126887
1608	12.0866836048
1609	12.0804065162
1610	12.0739799731
1611	12.0680017935
1612	12.0636676132
1613	12.0621730683
1614	12.0630697952
1615	12.0591839785
1616	12.0544014348
1617	12.0636676132
1618	12.0440890749
1619	12.0376625318
1620	12.0300403527
1621	12.0137498132
1622	12.0011956359
1623	11.9958152742
1624	11.983858915
1625	11.9698101928
1626	11.9632341952
1627	11.9615901958
1628	11.9529218353
1629	11.9467942012
1630	11.9482887461
1631	11.9396203856
1632	11.9309520251
1633	11.9258705724
1634	11.9207891197
1635	11.9246749365
1636	11.9191451203
1637	11.8952324017
1638	11.8874607682
1639	11.8817814975
1640	11.8768494993
1641	11.8722164101
1642	11.8719175011
1643	11.8759527724
1644	11.8823793155
1645	11.890150949
1646	11.8903004035
1647	11.9022567628
1648	11.890748767
1649	11.9003138544
1650	11.9034523987
1651	11.898968764
1652	11.8843222239
1653	11.8792407712
1654	11.8767000448
1655	11.8683305933
1656	11.8704229562
1657	11.8547302346
1658	11.8545807802
1659	11.8544313257
1660	11.8536840532
1661	11.8524884173
1662	11.8653415035
1663	11.8626513227
1664	11.8544313257
1665	11.8666865939
1666	11.8704229562
1667	11.8774473173
1668	11.8868629502
1669	11.8858167688
1670	11.8891047676
1671	11.8920938574
1672	11.8922433119
1673	11.8940367658
1674	11.8929905844
1675	11.8897025856
1676	11.9018083993
1677	11.9024062173
1678	11.907188761
1679	11.9025556718
1680	11.9034523987
1681	11.9089822149
1682	11.8964280377
1683	11.9012105814
1684	11.9021073083
1685	11.891346585
1686	11.8870124047
1687	11.8871618592
1688	11.8846211329
1689	11.8864145868
1690	11.8792407712
1691	11.8762516814
1692	11.8630996861
1693	11.8641458676
1694	11.8717680466
1695	11.8775967718
1696	11.8705724107
1697	11.8696756838
1698	11.8747571365
1699	11.8765505903
1700	11.8686295023
1701	11.8717680466
1702	11.8738604095
1703	11.8574204155
1704	11.8617545957
1705	11.8605589598
1706	11.8450156927
1707	11.8565236885
1708	11.8610073233
1709	11.8550291436
1710	11.8753549544
1711	11.8772978628
1712	11.882229861
1713	11.8850694963
1714	11.8905993125
1715	11.8932894933
1716	11.8916454939
1717	11.8929905844
1718	11.8880585862
1719	11.890150949
1720	11.8876102227
1721	11.890449858
1722	11.8769989538
1723	11.8725153191
1724	11.8720669556
1725	11.882229861
1726	11.8889553131
1727	11.890748767
1728	11.9065909431
1729	11.9107756688
1730	11.9270662083
1731	11.9469436557
1732	11.9666716485
1733	11.9678672844
1734	11.9799730982
1735	11.9822149156
1736	11.9859512778
1737	11.9910327305
1738	11.9931250934
1739	11.9884920042
1740	11.9887909132
1741	11.9875952772
1742	11.992377821
1743	12.0004483635
1744	12.0055298162
1745	11.9976087281
1746	12.007921088
1747	12.0113585413
1748	12.0026901808
1749	11.9955163653
1750	11.9934240024
1751	11.9949185473
1752	11.9991032731
1753	12.0046330892
1754	12.0141981767
1755	12.0360185324
1756	12.0387087132
1757	12.0294425347
1758	12.0376625318
1759	12.0381108952
1760	12.0397548946
1761	12.0509639815
1762	12.0476759827
1763	12.049618891
1764	12.0600807054
1765	12.0694963384
1766	12.0851890599
1767	12.0835450605
1768	12.0862352414
1769	12.0856374234
1770	12.0886265132
1771	12.0880286953
1772	12.076072336
1773	12.0796592438
1774	12.0841428785
1775	12.0838439695
1776	12.0857868779
1777	12.0929606935
1778	12.0847406965
1779	12.0887759677
1780	12.0748767
1781	12.0663577941
1782	12.0691974294
1783	12.0570916156
1784	12.0524585264
1785	12.041398894
1786	12.0378119863
1787	12.0289941713
1788	12.0174861755
1789	12.008518906
1790	12.0001494545
1791	12.0098639964
1792	12.0007472725
1793	11.9907338216
1794	11.9850545509
1795	11.9955163653
1796	11.9949185473
1797	11.9980570916
1798	11.9905843671
1799	11.9807203706
1800	11.9798236437
1801	11.974443282
1802	11.9657749215
1803	11.9606934688
1804	11.9420116575
1805	11.9297563892
1806	11.9291585712
1807	11.9121207592
1808	11.8940367658
1809	11.8844716784
1810	11.8855178598
1811	11.8840233149
1812	11.8811836796
1813	11.8844716784
1814	11.890449858
1815	11.8871618592
1816	11.8841727694
1817	11.8755044089
1818	11.8847705874
1819	11.8692273203
1820	11.8728142281
1821	11.8787924077
1822	11.8871618592
1823	11.8931400389
1824	11.8932894933
1825	11.8976236736
1826	11.8852189508
1827	11.8750560454
1828	11.8689284113
1829	11.8544313257
1830	11.8586160514
1831	11.8589149604
1832	11.85756987
1833	11.849349873
1834	11.8448662382
1835	11.8459124197
1836	11.8400836945
1837	11.8409804215
1838	11.8335076969
1839	11.8206546107
1840	11.8170677029
1841	11.823494246
1842	11.8403826035
1843	11.8394858766
1844	11.8384396951
1845	11.8477058736
1846	11.8445673292
1847	11.8363473322
1848	11.8332087879
1849	11.8393364221
1850	11.8303691526
1851	11.8372440592
1852	11.8423255119
1853	11.8450156927
1854	11.8378418771
1855	11.8330593334
1856	11.8296218801
1857	11.8287251532
1858	11.8284262442
1859	11.8200567927
1860	11.8267822448
1861	11.8327604245
1862	11.8385891496
1863	11.8303691526
1864	11.8206546107
1865	11.8176655208
1866	11.8291735167
1867	11.8257360634
1868	11.8258855179
1869	11.8227469735
1870	11.8187117023
1871	11.8092960693
1872	11.8092960693
1873	11.8161709759
1874	11.8115378867
1875	11.8052607981
1876	11.8121357047
1877	11.8166193394
1878	11.8169182484
1879	11.8145269765
1880	11.8176655208
1881	11.8285756987
1882	11.8433716933
1883	11.8477058736
1884	11.8441189658
1885	11.8426244209
1886	11.8379913316
1887	11.83261097
1888	11.8370946047
1889	11.8270811538
1890	11.832013152
1891	11.8363473322
1892	11.8382902406
1893	11.8367956957
1894	11.8489015095
1895	11.8423255119
1896	11.8300702436
1897	11.8430727843
1898	11.8329098789
1899	11.8497982364
1900	11.8635480496
1901	11.8683305933
1902	11.8747571365
1903	11.8874607682
1904	11.8908982215
1905	11.883126588
1906	11.8917949484
1907	11.8843222239
1908	11.8944851293
1909	11.8970258556
1910	11.8952324017
1911	11.890150949
1912	11.8917949484
1913	11.8965774922
1914	11.8916454939
1915	11.882827679
1916	11.8805858616
1917	11.8768494993
1918	11.8804364071
1919	11.891047676
1920	11.9015094904
1921	11.9143625766
1922	11.9127185772
1923	11.9261694814
1924	11.9264683904
1925	11.9287102077
1926	11.9482887461
1927	11.9600956509
1928	11.965924376
1929	11.9733971006
1930	11.9750411
1931	11.9863996413
1932	11.9988043641
1933	11.9950680018
1934	11.999701091
1935	12.0040352713
1936	12.0020923629
1937	11.9883425497
1938	11.9956658198
1939	11.9898370946
1940	11.9928261844
1941	11.9925272754
1942	11.9932745479
1943	12.0013450904
1944	12.0106112689
1945	12.0115079958
1946	12.0116574503
1947	12.0136003587
1948	12.0183829024
1949	12.0070243611
1950	11.9974592737
1951	12.0059781796
1952	12.0041847258
1953	12.0073232701
1954	11.9985054551
1955	11.999402182
1956	11.9889403677
1957	11.9872963683
1958	11.9844567329
1959	11.9892392766
1960	11.9893887311
1961	11.9811687341
1962	11.9910327305
1963	11.9913316395
1964	11.9847556419
1965	11.9771334629
1966	11.9704080108
1967	11.9535196533
1968	11.9506800179
1969	11.9612912868
1970	11.9478403826
1971	11.9452996563
1972	11.9414138395
1973	11.9339411149
1974	11.9261694814
1975	11.9272156628
1976	11.9082349425
1977	11.8961291287
1978	11.8974742191
1979	11.8911971305
1980	11.9028545808
1981	11.8897025856
1982	11.8847705874
1983	11.8787924077
1984	11.8841727694
1985	11.8765505903
1986	11.8781945897
1987	11.8764011359
1988	11.882229861
1989	11.8867134957
1990	11.8922433119
1991	11.8879091317
1992	11.8820804065
1993	11.8807353161
1994	11.8805858616
1995	11.8846211329
1996	11.874308773
1997	11.8792407712
1998	11.8804364071
1999	11.8517411448
2000	11.841129876
