-2000	12.1744133911
-1990	12.1415334031
-1980	12.0910177851
-1970	12.0700941563
-1960	12.0600807054
-1950	12.0509639815
-1940	12.0674039755
-1930	12.0913166941
-1920	12.2022119265
-1910	12.25257809
-1900	12.2658795397
-1890	12.3522642355
-1880	12.3817067703
-1870	12.378867135
-1860	12.3752802272
-1850	12.3410551487
-1840	12.2416679121
-1830	12.2049021073
-1820	12.116873412
-1810	12.0914661486
-1800	12.0986399641
-1790	12.1155283216
-1780	12.1941413839
-1770	12.2767897175
-1760	12.318636975
-1750	12.3912718577
-1740	12.4736212823
-1730	12.503960544
-1720	12.5429681662
-1710	12.5038110895
-1700	12.4386489314
-1690	12.445822747
-1680	12.4228067553
-1670	12.3528620535
-1660	12.3131071589
-1650	12.2316544612
-1640	12.2013151995
-1630	12.2038559259
-1620	12.1990733822
-1610	12.2114781049
-1600	12.2902406217
-1590	12.3276042445
-1580	12.4180242116
-1570	12.4724256464
-1560	12.5461067105
-1550	12.5402779854
-1540	12.5091914512
-1530	12.4121954865
-1520	12.319234793
-1510	12.2388282768
-1500	12.1735166642
-1490	12.0987894186
-1480	12.0630697952
-1470	12.041996712
-1460	12.0817516066
-1450	12.1446719474
-1440	12.2132715588
-1430	12.2815722612
-1420	12.2969660738
-1410	12.3540576894
-1400	12.428486026
-1390	12.496039456
-1380	12.553878344
-1370	12.5966223285
-1360	12.6474368555
-1350	12.706321925
-1340	12.7128979226
-1330	12.7102077417
-1320	12.6936182932
-1310	12.6842026603
-1300	12.6531161261
-1290	12.6187415932
-1280	12.5972201465
-1270	12.5994619638
-1260	12.5999103273
-1250	12.5933343297
-1240	12.5505903452
-1230	12.4848303692
-1220	12.4187714841
-1210	12.3497235092
-1200	12.2969660738
-1190	12.2809744433
-1180	12.2386788223
-1170	12.2234344642
-1160	12.2483933642
-1150	12.294574802
-1140	12.3784187715
-1130	12.4927514572
-1120	12.563293977
-1110	12.6850993872
-1100	12.8517411448
-1090	12.9520251084
-1080	13.0539530713
-1070	13.0303392617
-1060	12.9840083695
-1050	12.9617396503
-1040	12.9003138544
-1030	12.7504109999
-1020	12.6454939471
-1010	12.5438648931
-1000	12.4706321925
-990	12.3993424002
-980	12.3425496936
-970	12.2963682559
-960	12.3178897026
-950	12.3292482439
-940	12.3824540427
-930	12.4970856374
-920	12.5991630548
-910	12.6918248393
-900	12.7450306382
-890	12.8131818861
-880	12.8420266029
-870	12.8166193394
-860	12.7167837394
-850	12.5952772381
-840	12.4742191003
-830	12.4050216709
-820	12.3282020625
-810	12.2613959049
-800	12.210581378
-790	12.2125242864
-780	12.2521297265
-770	12.3407562397
-760	12.4014347631
-750	12.4467194739
-740	12.5507397997
-730	12.6623823046
-720	12.7714840831
-710	12.8364967867
-700	12.8477058736
-690	12.8372440592
-680	12.8678822299
-670	12.8088477059
-660	12.7550440891
-650	12.671648483
-640	12.6477357645
-630	12.5812285159
-620	12.5955761471
-610	12.6402630399
-600	12.7103571962
-590	12.7457779106
-580	12.7949484382
-570	12.8332087879
-560	12.9079360335
-550	12.9781796443
-540	13.016141085
-530	13.0215214467
-520	13.0697952473
-510	13.0650127036
-500	13.0808548797
-490	13.0547003437
-480	12.9689134658
-470	12.9575549245
-460	12.9246749365
-450	12.9348378419
-440	12.9584516515
-430	13.0409505306
-420	13.1129875953
-410	13.2367359139
-400	13.3279031535
-390	13.4226573009
-380	13.4555372889
-370	13.4997758183
-360	13.4818412793
-350	13.4749663727
-340	13.4873710955
-330	13.44492602
-320	13.4178747571
-310	13.4350620236
-300	13.4680914661
-290	13.479300553
-280	13.5762965177
-270	13.5884023315
-260	13.6182932297
-250	13.689881931
-240	13.7345688238
-230	13.7826931699
-220	13.8769989538
-210	13.9793752802
-200	14.0388581677
-190	14.1298759528
-180	14.2113286504
-170	14.2037064714
-160	14.2294126438
-150	14.2902406217
-140	14.4066656703
-130	14.5774921536
-120	14.790315349
-110	15.268121357
-100	15.5809296069
-90	15.8802869526
-80	16.0207741743
-70	15.9745927365
-60	15.7997309819
-50	15.453444926
-40	14.7686444478
-30	14.0204752653
-20	13.2666268121
-10	12.4670452847
0	11.755641907
10	11.0285458078
20	10.4124943955
30	9.84411896577
40	9.57435360933
50	9.353011508
60	9.31250934091
70	9.34359587506
80	9.41458675833
90	9.53758780451
100	9.78956807652
110	9.93364220595
120	10.0554476162
130	10.1781497534
140	10.3548049619
150	10.5357943506
160	10.7789568077
170	11.0545508893
180	11.352114781
190	11.6398146764
200	11.9509789269
210	12.2078911971
220	12.4513525631
230	12.7176804663
240	12.8920938574
250	12.9935734569
260	13.0974443282
270	13.0539530713
280	13.0106112689
290	13.0065759976
300	12.9394709311
310	12.8758033179
320	12.7974891645
330	12.7777611717
340	12.8580182334
350	12.9343894784
360	13.0137498132
370	13.0793603348
380	13.1446719474
390	13.2515319085
400	13.3084740696
410	13.3241667912
420	13.3007024361
430	13.2362875504
440	13.1950381109
450	13.1058137797
460	13.0490210731
470	12.983858915
480	12.9107756688
490	12.8934389478
500	12.8705724107
510	12.8638469586
520	12.8980720371
530	12.9354356598
540	12.990883276
550	13.0476759827
560	13.0517112539
570	13.0282468988
580	13.0086683605
590	12.9421611119
600	12.8900014945
610	12.8012255268
620	12.6840532058
630	12.6100732327
640	12.521596174
650	12.453444926
660	12.3921685847
670	12.386190405
680	12.344193693
690	12.3190853385
700	12.3165446122
710	12.3332835152
720	12.3879838589
730	12.4359587506
740	12.4396951128
750	12.4361082051
760	12.403228217
770	12.3704976835
780	12.3190853385
790	12.2492900912
800	12.1824839336
810	12.1330144971
820	12.0859363324
830	12.041697803
840	12.0319832611
850	12.0315348976
860	11.982962188
870	11.9563592886
880	11.9354356598
890	11.9680167389
900	12.0052309072
910	12.0141981767
920	12.0243610821
930	12.0016439994
940	12.008817815
950	11.9748916455
960	11.9172022119
970	11.8958302197
980	11.8837244059
990	11.8690778658
1000	11.9240771185
