-2000	33.5368405321
-1990	33.5453594381
-1980	33.545658347
-1970	33.5758481542
-1960	33.6202361381
-1950	33.6616350321
-1940	33.7164848304
-1930	33.6720968465
-1920	33.7199222837
-1910	33.7867284412
-1900	33.7909131669
-1890	33.8175160664
-1880	33.8140786131
-1870	33.7776117172
-1860	33.7414437304
-1850	33.7384546406
-1840	33.6756837543
-1830	33.6846510238
-1820	33.5819757884
-1810	33.5202510835
-1800	33.5172619937
-1790	33.5742041548
-1780	33.6176954117
-1770	33.6824092064
-1760	33.7296368256
-1750	33.7915109849
-1740	33.9055447616
-1730	33.958601106
-1720	33.9538185622
-1710	33.9560603796
-1700	33.9007622179
-1690	33.8837244059
-1680	33.8336571514
-1670	33.7179793753
-1660	33.6700044836
-1650	33.6078314153
-1640	33.5697205201
-1630	33.579136153
-1620	33.5649379764
-1610	33.6120161411
-1600	33.6720968465
-1590	33.781796443
-1580	33.8369451502
-1570	33.8752054999
-1560	33.8946345838
-1550	33.8711702287
-1540	33.7459273651
-1530	33.6604393962
-1520	33.5085936332
-1510	33.4483634733
-1500	33.3449409655
-1490	33.2678224481
-1480	33.251980272
-1470	33.3032431625
-1460	33.4136900314
-1450	33.5248841728
-1440	33.6559557615
-1430	33.8179644298
-1420	33.8729636826
-1410	33.9484382006
-1400	34.0098639964
-1390	34.0098639964
-1380	33.9520251084
-1370	33.9506800179
-1360	33.9556120161
-1350	33.9554625616
-1340	33.9476909281
-1330	33.9137647586
-1320	33.9033029443
-1310	33.9953669108
-1300	33.9722014647
-1290	33.9213869377
-1280	34.0122552683
-1270	34.0612763414
-1260	34.1289792258
-1250	34.2859064415
-1240	34.3319384247
-1230	34.3942609475
-1220	34.4248991182
-1210	34.3585413242
-1200	34.3600358691
-1190	34.3501718727
-1180	34.2509340906
-1170	34.1851741145
-1160	34.1454192198
-1150	34.0817516066
-1140	34.0514123449
-1130	33.9847556419
-1120	33.9599461964
-1110	34.0242116276
-1100	34.1330144971
-1090	34.2138693768
-1080	34.3745329547
-1070	34.5393812584
-1060	34.5982663279
-1050	34.7024361082
-1040	34.7774622627
-1030	34.7111044687
-1020	34.7773128082
-1010	34.6662681214
-1000	34.5966223285
-990	34.6250186818
-980	34.6084292333
-970	34.5156179943
-960	34.5359438051
-950	34.5499925273
-940	34.688686295
-930	34.8644447766
-920	35.0283963533
-910	35.1203108653
-900	35.3301449709
-890	35.5183081752
-880	35.6157525034
-870	35.6619339411
-860	35.6897324765
-850	35.5955761471
-840	35.5809296069
-830	35.5239874458
-820	35.3661635032
-810	35.2720071738
-800	35.1941413839
-790	35.1141832312
-780	35.076371245
-770	35.118069048
-760	35.16006576
-750	35.344791511
-740	35.5498430728
-730	35.6501270363
-720	35.8327604245
-710	36.016738903
-700	36.1022268719
-690	36.1185174114
-680	36.151247945
-670	36.108952324
-660	36.1549843073
-650	36.1215065013
-640	36.0969959647
-630	36.0911672396
-620	36.1800926618
-610	36.1678373935
-600	36.244059184
-590	36.3166940667
-580	36.3755791362
-570	36.528919444
-560	36.6744881184
-550	36.7553429981
-540	36.9451502018
-530	37.0750261545
-520	37.1110446869
-510	37.1534897624
-500	37.1204603198
-490	36.9735465551
-480	36.8675833209
-470	36.7708862651
-460	36.6453444926
-450	36.6190405022
-440	36.6271110447
-430	36.6994470184
-420	36.789717531
-410	36.9006127634
-400	37.0239127186
-390	37.1780002989
-380	37.3187864295
-370	37.4175758482
-360	37.538036168
-350	37.6232252279
-340	37.6003586908
-330	37.6064863249
-320	37.5785383351
-310	37.4582274697
-300	37.4526976536
-290	37.3997907637
-280	37.4169780302
-270	37.503960544
-260	37.6348826782
-250	37.7519055448
-240	37.9426094754
-230	38.0995366911
-220	38.2319533702
-210	38.4141383949
-200	38.5069496338
-190	38.5443132566
-180	38.5831714243
-170	38.4848303692
-160	38.2815722612
-150	38.1878642953
-140	38.0239127186
-130	37.9227320281
-120	38.0071738156
-110	38.4934987296
-100	38.4518009266
-90	38.5716634285
-80	38.445523838
-70	38.0715887012
-60	37.538633986
-50	36.6081303243
-40	35.1918995666
-30	33.8206546107
-20	32.4250485727
-10	30.924824391
0	29.6040950531
10	28.2397250037
20	26.890748767
30	25.5224929009
40	24.6964579286
50	23.8001793454
60	23.2056493798
70	22.7577342699
80	22.520400538
90	22.4961889105
100	22.7550440891
110	22.9590494694
120	23.1896577492
130	23.5661336123
140	23.9288596622
150	24.3488267822
160	24.8580182334
170	25.4068151248
180	25.9929756389
190	26.5480496189
200	27.0499178
210	27.6130623225
220	28.1300254073
230	28.605290689
240	29.0325810791
250	29.3833507697
260	29.7783589897
270	30.0312359886
280	30.3147511583
290	30.6045434165
300	30.8523389628
310	31.1210581378
320	31.3135555223
330	31.6526677627
340	31.9698101928
350	32.311612614
360	32.647287401
370	32.9680167389
380	33.2651322672
390	33.5704677926
400	33.7822448065
410	33.9597967419
420	34.0724854282
430	34.1352563145
440	34.1748617546
450	34.217904648
460	34.1908533851
470	34.2298610073
480	34.2310566433
490	34.2917351666
500	34.3528620535
510	34.4567329248
520	34.6504259453
530	34.8161709759
540	35.0040352713
550	35.1505006725
560	35.2506351816
570	35.3249140637
580	35.3627260499
590	35.3763264086
600	35.3032431625
610	35.2391271858
620	35.1723210282
630	35.1150799582
640	35.0768196084
650	35.0575399791
660	35.0690479749
670	35.0500672545
680	35.101629054
690	35.193244657
700	35.2733522642
710	35.3627260499
720	35.4462711104
730	35.4235540278
740	35.4682409206
750	35.4642056494
760	35.3713944104
770	35.3147511583
780	35.1539381258
790	35.0929606935
800	34.9831116425
810	34.8768494993
820	34.9188462113
830	34.9512778359
840	34.9825138245
850	35.1195635929
860	35.1948886564
870	35.2262740995
880	35.2953220744
890	35.3784187715
900	35.4532954715
910	35.4697354656
920	35.4559856524
930	35.3122104319
940	35.3017486175
950	35.2337468241
960	35.1252428635
970	35.0203258108
980	34.9599461964
990	34.9654760126
1000	35.0721865192
