-2000	34.8263338813
-1999	34.8361978777
-1998	34.8282767897
-1997	34.8196084292
-1996	34.832013152
-1995	34.8276789718
-1994	34.8227469735
-1993	34.8133313406
-1992	34.8122851592
-1991	34.8281273352
-1990	34.8480047825
-1989	34.8530862352
-1988	34.8738604095
-1987	34.8692273203
-1986	34.8636975041
-1985	34.8725153191
-1984	34.8888058586
-1983	34.8977731281
-1982	34.8920938574
-1981	34.8888058586
-1980	34.8843222239
-1979	34.8708713197
-1978	34.8505455089
-1977	34.8559258706
-1976	34.8626513227
-1975	34.8690778658
-1974	34.8544313257
-1973	34.856673143
-1972	34.8601105963
-1971	34.8705724107
-1970	34.8711702287
-1969	34.8704229562
-1968	34.865490958
-1967	34.8725153191
-1966	34.890748767
-1965	34.8898520401
-1964	34.8765505903
-1963	34.8722164101
-1962	34.8753549544
-1961	34.8693767748
-1960	34.8645942311
-1959	34.8630996861
-1958	34.8584665969
-1957	34.8710207742
-1956	34.874607682
-1955	34.874308773
-1954	34.8611567778
-1953	34.8767000448
-1952	34.8775967718
-1951	34.8853684053
-1950	34.8903004035
-1949	34.8886564041
-1948	34.8938873113
-1947	34.8979225826
-1946	34.8895531311
-1945	34.8856673143
-1944	34.8908982215
-1943	34.9056942161
-1942	34.9314003886
-1941	34.9479898371
-1940	34.9584516515
-1939	34.9844567329
-1938	34.9989538186
-1937	35.007921088
-1936	35.0022418174
-1935	35.0125541773
-1934	35.0239127186
-1933	35.0327305336
-1932	35.0397548946
-1931	35.0491705276
-1930	35.0703930653
-1929	35.0600807054
-1928	35.0575399791
-1927	35.0769690629
-1926	35.0635181587
-1925	35.0780152444
-1924	35.0813032432
-1923	35.0688985204
-1922	35.0697952473
-1921	35.0620236138
-1920	35.0688985204
-1919	35.0708414288
-1918	35.0605290689
-1917	35.042295621
-1916	35.025855627
-1915	35.0198774473
-1914	35.033477806
-1913	35.0490210731
-1912	35.0552981617
-1911	35.0360185324
-1910	35.0216709012
-1909	35.0518607084
-1908	35.0688985204
-1907	35.0674039755
-1906	35.0594828875
-1905	35.0792108803
-1904	35.0819010611
-1903	35.0691974294
-1902	35.0538036168
-1901	35.0569421611
-1900	35.0487221641
-1899	35.0454341653
-1898	35.033178897
-1897	35.0472276192
-1896	35.0645643402
-1895	35.0641159767
-1894	35.0651621581
-1893	35.0739799731
-1892	35.0714392467
-1891	35.0645643402
-1890	35.075773427
-1889	35.0783141533
-1888	35.0741294276
-1887	35.0765206994
-1886	35.084591242
-1885	35.0816021521
-1884	35.0732327006
-1883	35.0841428785
-1882	35.0741294276
-1881	35.0857868779
-1880	35.0913166941
-1879	35.0905694216
-1878	35.0799581527
-1877	35.0775668809
-1876	35.0871319683
-1875	35.0872814228
-1874	35.0766701539
-1873	35.083694515
-1872	35.0898221492
-1871	35.0665072485
-1870	35.0408010761
-1869	35.0342250785
-1868	35.0183829024
-1867	35.0080705425
-1866	34.9968614557
-1865	34.9807203706
-1864	34.9754894635
-1863	34.9802720072
-1862	34.9775818263
-1861	34.9708563742
-1860	34.958003288
-1859	34.940965476
-1858	34.9228814826
-1857	34.9169033029
-1856	34.916604394
-1855	34.9127185772
-1854	34.9003138544
-1853	34.8979225826
-1852	34.9006127634
-1851	34.8897025856
-1850	34.8849200418
-1849	34.8690778658
-1848	34.8574204155
-1847	34.8436706023
-1846	34.8397847855
-1845	34.8444178748
-1844	34.8538335077
-1843	34.8635480496
-1842	34.8668360484
-1841	34.8557764161
-1840	34.8361978777
-1839	34.8222986101
-1838	34.8279778807
-1837	34.8251382454
-1836	34.7955462562
-1835	34.7816469885
-1834	34.7750709909
-1833	34.781796443
-1832	34.7780600807
-1831	34.7684949933
-1830	34.7714840831
-1829	34.7859811687
-1828	34.7880735316
-1827	34.790614258
-1826	34.7994320729
-1825	34.8112389777
-1824	34.8063069795
-1823	34.7956957107
-1822	34.799133164
-1821	34.8031684352
-1820	34.7901658945
-1819	34.7952473472
-1818	34.8016738903
-1817	34.8058586161
-1816	34.8211029741
-1815	34.831116425
-1814	34.8378418771
-1813	34.8356000598
-1812	34.8445673292
-1811	34.8462113287
-1810	34.8258855179
-1809	34.8193095203
-1808	34.8166193394
-1807	34.8031684352
-1806	34.8072037065
-1805	34.8109400687
-1804	34.8060080705
-1803	34.7962935286
-1802	34.7883724406
-1801	34.7822448065
-1800	34.7806008071
-1799	34.7773128082
-1798	34.7971902556
-1797	34.8116873412
-1796	34.8109400687
-1795	34.8215513376
-1794	34.8181138843
-1793	34.8230458825
-1792	34.8356000598
-1791	34.8613062323
-1790	34.865789867
-1789	34.8548796891
-1788	34.8462113287
-1787	34.8530862352
-1786	34.882827679
-1785	34.8922433119
-1784	34.8908982215
-1783	34.9047974892
-1782	34.9172022119
-1781	34.9055447616
-1780	34.8979225826
-1779	34.8846211329
-1778	34.8868629502
-1777	34.8961291287
-1776	34.9189956658
-1775	34.9351367509
-1774	34.9500822
-1773	34.9742938275
-1772	34.9780301898
-1771	34.9714541922
-1770	34.9594978329
-1769	34.949783291
-1768	34.9511283814
-1767	34.9683156479
-1766	34.9789269168
-1765	34.9892392766
-1764	35.0017934539
-1763	35.0192796294
-1762	35.0209236288
-1761	35.0349723509
-1760	35.025556718
-1759	35.0242116276
-1758	35.0219698102
-1757	35.0307876252
-1756	35.0315348976
-1755	35.041697803
-1754	35.0485727096
-1753	35.0493199821
-1752	35.0479748916
-1751	35.0566432521
-1750	35.0569421611
-1749	35.0494694366
-1748	35.0555970707
-1747	35.0603796144
-1746	35.0657599761
-1745	35.0660588851
-1744	35.0588850695
-1743	35.0475265282
-1742	35.0520101629
-1741	35.0469287102
-1740	35.0597817964
-1739	35.0594828875
-1738	35.0524585264
-1737	35.0617247048
-1736	35.0750261545
-1735	35.0762217905
-1734	35.0856374234
-1733	35.0777163354
-1732	35.0795097893
-1731	35.076072336
-1730	35.0826483336
-1729	35.0862352414
-1728	35.1008817815
-1727	35.1017785084
-1726	35.1029741444
-1725	35.0992377821
-1724	35.0899716036
-1723	35.0947541474
-1722	35.1041697803
-1721	35.1162755941
-1720	35.1207592288
-1719	35.1186668659
-1718	35.0986399641
-1717	35.0996861456
-1716	35.1110446869
-1715	35.1234494097
-1714	35.1162755941
-1713	35.0965476013
-1712	35.0959497833
-1711	35.0854879689
-1710	35.0696457929
-1709	35.0503661635
-1708	35.050814527
-1707	35.0545508893
-1706	35.0557465252
-1705	35.0657599761
-1704	35.0715887012
-1703	35.058735615
-1702	35.0481243461
-1701	35.0544014348
-1700	35.0366163503
-1699	35.0325810791
-1698	35.0266028994
-1697	35.0445374384
-1696	35.0560454342
-1695	35.0611268869
-1694	35.0547003437
-1693	35.059034524
-1692	35.0660588851
-1691	35.0874308773
-1690	35.075175609
-1689	35.0851890599
-1688	35.0869825138
-1687	35.0907188761
-1686	35.0929606935
-1685	35.0962486923
-1684	35.0881781498
-1683	35.0886265132
-1682	35.0687490659
-1681	35.0575399791
-1680	35.0549992527
-1679	35.0481243461
-1678	35.0527574354
-1677	35.0541025258
-1676	35.0551487072
-1675	35.0515617994
-1674	35.0515617994
-1673	35.0464803467
-1672	35.0681512479
-1671	35.0674039755
-1670	35.0685996114
-1669	35.0732327006
-1668	35.0804065162
-1667	35.0677028845
-1666	35.0708414288
-1665	35.0721865192
-1664	35.0899716036
-1663	35.0889254222
-1662	35.0810043342
-1661	35.0744283366
-1660	35.0736810641
-1659	35.0727843372
-1658	35.0738305186
-1657	35.0687490659
-1656	35.0696457929
-1655	35.0824988791
-1654	35.0887759677
-1653	35.0926617845
-1652	35.0943057839
-1651	35.1005828725
-1650	35.0904199671
-1649	35.0699447018
-1648	35.0653116126
-1647	35.0641159767
-1646	35.0612763414
-1645	35.0736810641
-1644	35.0739799731
-1643	35.0847406965
-1642	35.100732327
-1641	35.1082050516
-1640	35.11747123
-1639	35.1140337767
-1638	35.1203108653
-1637	35.1283814079
-1636	35.1519952175
-1635	35.1639515767
-1634	35.1621581229
-1633	35.1700792109
-1632	35.1660439396
-1631	35.1690330294
-1630	35.176206845
-1629	35.1918995666
-1628	35.1862202959
-1627	35.1865192049
-1626	35.1803915708
-1625	35.1851741145
-1624	35.1820355702
-1623	35.1797937528
-1622	35.1832312061
-1621	35.1874159318
-1620	35.1842773875
-1619	35.1803915708
-1618	35.1545359438
-1617	35.1794948438
-1616	35.1809893887
-1615	35.1893588402
-1614	35.192646839
-1613	35.1863697504
-1612	35.1913017486
-1611	35.201165745
-1610	35.1896577492
-1609	35.1995217456
-1608	35.2007173816
-1607	35.1963832013
-1606	35.2056493798
-1605	35.2059482887
-1604	35.2056493798
-1603	35.2243311912
-1602	35.23494246
-1601	35.2353908235
-1600	35.2371842774
-1599	35.2301599163
-1598	35.2312060977
-1597	35.2350919145
-1596	35.2256762816
-1595	35.2286653714
-1594	35.2338962786
-1593	35.2341951876
-1592	35.2446570019
-1591	35.2341951876
-1590	35.2319533702
-1589	35.2167090121
-1588	35.2259751906
-1587	35.2297115528
-1586	35.2285159169
-1585	35.2253773726
-1584	35.2238828277
-1583	35.2193991929
-1582	35.1972799283
-1581	35.1911522941
-1580	35.1865192049
-1579	35.1806904797
-1578	35.1805410253
-1577	35.1914512031
-1576	35.1860708414
-1575	35.193543566
-1574	35.1838290241
-1573	35.1784486624
-1572	35.1806904797
-1571	35.1803915708
-1570	35.1706770288
-1569	35.1641010312
-1568	35.1655955761
-1567	35.1614108504
-1566	35.1738155732
-1565	35.1763562995
-1564	35.1827828426
-1563	35.1830817516
-1562	35.1699297564
-1561	35.1641010312
-1560	35.1418323121
-1559	35.1330144971
-1558	35.1288297713
-1557	35.1307726797
-1556	35.1117919593
-1555	35.1080555971
-1554	35.1067105067
-1553	35.1055148707
-1552	35.0944552384
-1551	35.0940068749
-1550	35.0863846959
-1549	35.0824988791
-1548	35.0632192497
-1547	35.0690479749
-1546	35.059034524
-1545	35.0481243461
-1544	35.033776715
-1543	35.0194290838
-1542	35.0008967269
-1541	34.9919294575
-1540	34.9932745479
-1539	34.9941712748
-1538	34.9970109102
-1537	35.0156927216
-1536	35.0023912719
-1535	34.9943207293
-1534	34.9902854581
-1533	34.9850545509
-1532	34.9698101928
-1531	34.9589000149
-1530	34.9438051113
-1529	34.9393214766
-1528	34.9496338365
-1527	34.9523240173
-1526	34.9426094754
-1525	34.9343894784
-1524	34.9461963832
-1523	34.9612912868
-1522	34.941264385
-1521	34.9402182036
-1520	34.9435062024
-1519	34.9532207443
-1518	34.9515767449
-1517	34.9647287401
-1516	35.0058287252
-1515	35.0065759976
-1514	35.0141981767
-1513	35.0197279928
-1512	35.0203258108
-1511	35.0242116276
-1510	35.0363174413
-1509	35.0408010761
-1508	35.0257061725
-1507	35.0307876252
-1506	35.0440890749
-1505	35.0545508893
-1504	35.0452847108
-1503	35.0443879839
-1502	35.0318338066
-1501	35.0490210731
-1500	35.058137797
-1499	35.050814527
-1498	35.0617247048
-1497	35.0606785234
-1496	35.0623225228
-1495	35.0647137946
-1494	35.0693468839
-1493	35.0747272456
-1492	35.0814526977
-1491	35.0977432372
-1490	35.0792108803
-1489	35.083993424
-1488	35.0890748767
-1487	35.1031235989
-1486	35.1170228665
-1485	35.1298759528
-1484	35.1352563145
-1483	35.1564788522
-1482	35.1543864893
-1481	35.1669406666
-1480	35.176505754
-1479	35.1877148408
-1478	35.1868181139
-1477	35.1948886564
-1476	35.209684651
-1475	35.2291137349
-1474	35.2292631894
-1473	35.2445075475
-1472	35.2628904499
-1471	35.2697653564
-1470	35.2740995367
-1469	35.2821700792
-1468	35.2926318936
-1467	35.3087729786
-1466	35.3226722463
-1465	35.3292482439
-1464	35.3320878792
-1463	35.3592885966
-1462	35.3769242266
-1461	35.3736362278
-1460	35.3693020475
-1459	35.3712449559
-1458	35.3909729487
-1457	35.4063667613
-1456	35.402630399
-1455	35.4102525781
-1454	35.4214616649
-1453	35.436407114
-1452	35.4361082051
-1451	35.4213122104
-1450	35.4198176655
-1449	35.4371543865
-1448	35.4404423853
-1447	35.4434314751
-1446	35.4213122104
-1445	35.4099536691
-1444	35.4027798535
-1443	35.3888805859
-1442	35.3746824092
-1441	35.3709460469
-1440	35.3757285906
-1439	35.3933642206
-1438	35.3976984008
-1437	35.3758780451
-1436	35.3817067703
-1435	35.3973994919
-1434	35.3973994919
-1433	35.3818562248
-1432	35.3613809595
-1431	35.3573456882
-1430	35.3655656852
-1429	35.3588402331
-1428	35.3392616948
-1427	35.3415035122
-1426	35.3453893289
-1425	35.3258107906
-1424	35.3346286056
-1423	35.3305933343
-1422	35.3325362427
-1421	35.3223733373
-1420	35.2954715289
-1419	35.2835151696
-1418	35.2567628157
-1417	35.2667762666
-1416	35.2624420864
-1415	35.2476460918
-1414	35.252876999
-1413	35.235540278
-1412	35.2196981019
-1411	35.2128231953
-1410	35.2025108355
-1409	35.2092362876
-1408	35.1923479301
-1407	35.1871170229
-1406	35.1827828426
-1405	35.1708264833
-1404	35.1627559408
-1403	35.1464654013
-1402	35.1292781348
-1401	35.1176206845
-1400	35.0696457929
-1399	35.0557465252
-1398	35.0427439845
-1397	35.0538036168
-1396	35.042295621
-1395	35.0257061725
-1394	35.0104618144
-1393	34.9919294575
-1392	34.9704080108
-1391	34.941264385
-1390	34.9222836646
-1389	34.8974742191
-1388	34.8917949484
-1387	34.8758033179
-1386	34.8702735017
-1385	34.8604095053
-1384	34.8366462412
-1383	34.8432222388
-1382	34.8173666119
-1381	34.7822448065
-1380	34.7538484531
-1379	34.739799731
-1378	34.7326259154
-1377	34.7182782843
-1376	34.7111044687
-1375	34.6945150202
-1374	34.6967568375
-1373	34.6943655657
-1372	34.6939172022
-1371	34.680466298
-1370	34.6682110297
-1369	34.6676132118
-1368	34.6573008519
-1367	34.6451950381
-1366	34.6257659543
-1365	34.6160514123
-1364	34.6124645046
-1363	34.5987146914
-1362	34.6011059632
-1361	34.6033477806
-1360	34.6102226872
-1359	34.6057390525
-1358	34.5976685099
-1357	34.5957256016
-1356	34.5979674189
-1355	34.5976685099
-1354	34.5913914213
-1353	34.5946794201
-1352	34.6005081453
-1351	34.5960245105
-1350	34.6023015992
-1349	34.5845165147
-1348	34.5937826932
-1347	34.6085786878
-1346	34.6023015992
-1345	34.6173965028
-1344	34.6188910477
-1343	34.6091765058
-1342	34.6157525034
-1341	34.6028994171
-1340	34.6058885069
-1339	34.6073830519
-1338	34.6082797788
-1337	34.614108504
-1336	34.6153041399
-1335	34.6188910477
-1334	34.6162008668
-1333	34.6329397698
-1332	34.6438499477
-1331	34.6441488567
-1330	34.6483335824
-1329	34.663727395
-1328	34.6809146615
-1327	34.7182782843
-1326	34.7235091915
-1325	34.7317291885
-1324	34.7259004633
-1323	34.730683007
-1322	34.7386040951
-1321	34.739500822
-1320	34.7424899118
-1319	34.7510088178
-1318	34.7834404424
-1317	34.7934538933
-1316	34.815872067
-1315	34.8173666119
-1314	34.8364967867
-1313	34.8500971454
-1312	34.8511433269
-1311	34.8790913167
-1310	34.8864145868
-1309	34.9036018532
-1308	34.9385742042
-1307	34.9727992826
-1306	34.9998505455
-1305	35.0053803617
-1304	35.008518906
-1303	35.0182334479
-1302	35.0274996264
-1301	35.0219698102
-1300	35.0270512629
-1299	35.0393065312
-1298	35.0490210731
-1297	35.0576894336
-1296	35.0799581527
-1295	35.0787625168
-1294	35.0735316096
-1293	35.0817516066
-1292	35.0978926917
-1291	35.1188163204
-1290	35.1377970408
-1289	35.1274846809
-1288	35.1324166791
-1287	35.1401883127
-1286	35.1646988492
-1285	35.1702286654
-1284	35.1642504857
-1283	35.1724704827
-1282	35.185323569
-1281	35.1871170229
-1280	35.1774024809
-1279	35.168285757
-1278	35.1642504857
-1277	35.1575250336
-1276	35.1635032133
-1275	35.1546853983
-1274	35.1460170378
-1273	35.1490061276
-1272	35.1277835899
-1271	35.1173217755
-1270	35.1388432222
-1269	35.1363024959
-1268	35.1443730384
-1267	35.1395904947
-1266	35.1277835899
-1265	35.1306232252
-1264	35.1194141384
-1263	35.1147810492
-1262	35.1123897773
-1261	35.1210581378
-1260	35.1040203258
-1259	35.101330145
-1258	35.1037214168
-1257	35.1059632342
-1256	35.0955014198
-1255	35.0697952473
-1254	35.0659094306
-1253	35.0623225228
-1252	35.0482738006
-1251	35.0430428934
-1250	35.0370647138
-1249	35.0298908982
-1248	35.0248094455
-1247	35.0272007174
-1246	35.0203258108
-1245	34.9973098192
-1244	34.991780003
-1243	34.9844567329
-1242	34.974443282
-1241	34.9681661934
-1240	34.9542669257
-1239	34.9551636527
-1238	34.9364818413
-1237	34.9306531161
-1236	34.924824391
-1235	34.8980720371
-1234	34.8630996861
-1233	34.8390375131
-1232	34.8218502466
-1231	34.8030189807
-1230	34.7974891645
-1229	34.7838888059
-1228	34.7661037214
-1227	34.7670004484
-1226	34.7550440891
-1225	34.7536989987
-1224	34.7501120909
-1223	34.7341204603
-1222	34.7405470034
-1221	34.7263488268
-1220	34.7124495591
-1219	34.7004931998
-1218	34.6795695711
-1217	34.6695561202
-1216	34.6596921237
-1215	34.6284561351
-1214	34.6117172321
-1213	34.5857121507
-1212	34.5987146914
-1211	34.605589598
-1210	34.5972201465
-1209	34.5922881483
-1208	34.5742041548
-1207	34.5697205201
-1206	34.5777910626
-1205	34.5686743387
-1204	34.5452099836
-1203	34.5440143476
-1202	34.5508892542
-1201	34.5375878045
-1200	34.5287699895
-1199	34.5395307129
-1198	34.5396801674
-1197	34.546555074
-1196	34.5637423405
-1195	34.5580630698
-1194	34.5617994321
-1193	34.5668808848
-1192	34.5586608878
-1191	34.555372889
-1190	34.5529816171
-1189	34.5516365267
-1188	34.5562696159
-1187	34.5644896129
-1186	34.5625467045
-1185	34.5603048872
-1184	34.5481990734
-1183	34.5517859812
-1182	34.5546256165
-1181	34.5470034375
-1180	34.5695710656
-1179	34.5733074279
-1178	34.5836197878
-1177	34.5734568824
-1176	34.5930354207
-1175	34.596472874
-1174	34.5930354207
-1173	34.5894485129
-1172	34.5915408758
-1171	34.5881034225
-1170	34.5925870572
-1169	34.6024510537
-1168	34.597369601
-1167	34.6036466896
-1166	34.6003586908
-1165	34.6076819608
-1164	34.5913914213
-1163	34.5855626962
-1162	34.5913914213
-1161	34.60499178
-1160	34.6229263189
-1159	34.6453444926
-1158	34.6577492154
-1157	34.6667164848
-1156	34.6867433866
-1155	34.7078164699
-1154	34.7123001046
-1153	34.7256015543
-1152	34.7490659094
-1151	34.7692422657
-1150	34.7592288148
-1149	34.7535495442
-1148	34.7764160813
-1147	34.7859811687
-1146	34.7930055298
-1145	34.8098938873
-1144	34.8227469735
-1143	34.848154237
-1142	34.882229861
-1141	34.8926916754
-1140	34.907786579
-1139	34.9257211179
-1138	34.9400687491
-1137	34.9529218353
-1136	34.9593483784
-1135	34.9856523689
-1134	34.9869974593
-1133	34.9863996413
-1132	34.9992527275
-1131	35.033477806
-1130	35.0358690779
-1129	35.0446868928
-1128	35.0582872515
-1127	35.0832461515
-1126	35.0935585114
-1125	35.1023763264
-1124	35.0949036019
-1123	35.0972948737
-1122	35.100732327
-1121	35.1204603198
-1120	35.1212075923
-1119	35.1188163204
-1118	35.1315199522
-1117	35.1355552234
-1116	35.150949036
-1115	35.16006576
-1114	35.1528919444
-1113	35.1545359438
-1112	35.1555821252
-1111	35.1669406666
-1110	35.1678373935
-1109	35.1823344792
-1108	35.1872664774
-1107	35.1652966672
-1106	35.1623075773
-1105	35.1533403079
-1104	35.1687341205
-1103	35.1475115827
-1102	35.1599163055
-1101	35.1636526678
-1100	35.1675384845
-1099	35.1678373935
-1098	35.1696308474
-1097	35.1566283067
-1096	35.1454192198
-1095	35.1439246749
-1094	35.1270363174
-1093	35.1176206845
-1092	35.118367957
-1091	35.1082050516
-1090	35.0943057839
-1089	35.0968465102
-1088	35.0995366911
-1087	35.1104468689
-1086	35.0974443282
-1085	35.0995366911
-1084	35.0838439695
-1083	35.0703930653
-1082	35.0451352563
-1081	35.0319832611
-1080	35.0098639964
-1079	34.982663279
-1078	34.9651771036
-1077	34.9686145569
-1076	34.9672694664
-1075	34.9536691078
-1074	34.9405171125
-1073	34.9198923928
-1072	34.9016589449
-1071	34.8811836796
-1070	34.8642953221
-1069	34.8432222388
-1068	34.8417276939
-1067	34.8335076969
-1066	34.8039157077
-1065	34.7973397101
-1064	34.7950978927
-1063	34.7804513526
-1062	34.755641907
-1061	34.7498131819
-1060	34.7390524585
-1059	34.723060828
-1058	34.6957106561
-1057	34.6780750262
-1056	34.6423554028
-1055	34.6242714094
-1054	34.5945299656
-1053	34.5685248842
-1052	34.546555074
-1051	34.5419219848
-1050	34.5317590794
-1049	34.5254819907
-1048	34.4958900015
-1047	34.4677925572
-1046	34.4722761919
-1045	34.4682409206
-1044	34.4585263787
-1043	34.4244507547
-1042	34.3917202212
-1041	34.3805111344
-1040	34.3728889553
-1039	34.3639216858
-1038	34.3540576894
-1037	34.3452398745
-1036	34.3235689732
-1035	34.3060827978
-1034	34.2878493499
-1033	34.2784337169
-1032	34.2743984457
-1031	34.25257809
-1030	34.2436108205
-1029	34.2046031983
-1028	34.1860708414
-1027	34.1751606636
-1026	34.1726199372
-1025	34.1561799432
-1024	34.1551337618
-1023	34.1626064863
-1022	34.1648483037
-1021	34.167986848
-1020	34.1638021223
-1019	34.1460170378
-1018	34.1533403079
-1017	34.1678373935
-1016	34.1778508444
-1015	34.158870124
-1014	34.1252428635
-1013	34.1264384995
-1012	34.1219548647
-1011	34.1128381408
-1010	34.1167239576
-1009	34.1224032282
-1008	34.1206097743
-1007	34.1301748618
-1006	34.1126886863
-1005	34.0978926917
-1004	34.100433418
-1003	34.1167239576
-1002	34.1232999552
-1001	34.1401883127
-1000	34.1454192198
-999	34.1545359438
-998	34.1496039456
-997	34.1455686743
-996	34.1445224929
-995	34.1376475863
-994	34.1448214019
-993	34.1473621282
-992	34.1373486773
-991	34.1385443133
-990	34.1522941264
-989	34.1705275744
-988	34.1732177552
-987	34.1881632043
-986	34.1941413839
-985	34.1971304738
-984	34.2075922881
-983	34.2436108205
-982	34.2714093559
-981	34.2930802571
-980	34.319234793
-979	34.3488267822
-978	34.3512180541
-977	34.35241369
-976	34.3839485877
-975	34.4165296667
-974	34.4518009266
-973	34.4515020176
-972	34.4474667464
-971	34.46256165
-970	34.4779554626
-969	34.4879689135
-968	34.5085936332
-967	34.5287699895
-966	34.5480496189
-965	34.5517859812
-964	34.5670303393
-963	34.579435062
-962	34.5906441489
-961	34.6117172321
-960	34.6277088627
-959	34.6362277686
-958	34.6474368555
-957	34.6638768495
-956	34.6750859363
-955	34.6822597519
-954	34.697803019
-953	34.6933193842
-952	34.6973546555
-951	34.7024361082
-950	34.7085637423
-949	34.7030339262
-948	34.705126289
-947	34.7106561052
-946	34.7279928262
-945	34.7296368256
-944	34.7167837394
-943	34.7100582873
-942	34.7386040951
-941	34.7574353609
-940	34.756538634
-939	34.7629651771
-938	34.7684949933
-937	34.7643102675
-936	34.7598266328
-935	34.7655059035
-934	34.7605739052
-933	34.7807502615
-932	34.7810491705
-931	34.7577342699
-930	34.7339710058
-929	34.7300851891
-928	34.7182782843
-927	34.7137946495
-926	34.6991481094
-925	34.6934688387
-924	34.6960095651
-923	34.7024361082
-922	34.6976535645
-921	34.6916753848
-920	34.6701539381
-919	34.6471379465
-918	34.6221790465
-917	34.5948288746
-916	34.5753997908
-915	34.5631445225
-914	34.5344492602
-913	34.5175609027
-912	34.5105365416
-911	34.5044089075
-910	34.479599462
-909	34.4512031087
-908	34.4211627559
-907	34.4020325811
-906	34.3743835002
-905	34.3649678673
-904	34.3403078763
-903	34.2953220744
-902	34.2549693618
-901	34.2303093708
-900	34.2074428337
-899	34.1978777462
-898	34.1729188462
-897	34.150949036
-896	34.1333134061
-895	34.1034225078
-894	34.0714392467
-893	34.0490210731
-892	34.0237632641
-891	33.9886414587
-890	33.9654760126
-889	33.9476909281
-888	33.9215363922
-887	33.899865491
-886	33.8645942311
-885	33.840830967
-884	33.8187117023
-883	33.8091466149
-882	33.7877746226
-881	33.7583320879
-880	33.7377073681
-879	33.7149902855
-878	33.697205201
-877	33.671947392
-876	33.6523688537
-875	33.6338364968
-874	33.6208339561
-873	33.5870572411
-872	33.570916156
-871	33.5570168884
-870	33.5242863548
-869	33.4861754596
-868	33.4579285608
-867	33.4299805709
-866	33.3954565835
-865	33.3688536841
-864	33.3355253325
-863	33.3175907936
-862	33.2875504409
-861	33.269615902
-860	33.2483933642
-859	33.234643551
-858	33.2344940965
-857	33.2325511882
-856	33.2337468241
-855	33.2196981019
-854	33.1881632043
-853	33.1687341205
-852	33.1626064863
-851	33.14243013
-850	33.118367957
-849	33.1067105067
-848	33.0877297863
-847	33.0944552384
-846	33.1038708713
-845	33.0949036019
-844	33.101629054
-843	33.1017785084
-842	33.0895232402
-841	33.1073083246
-840	33.1055148707
-839	33.1020774174
-838	33.1052159617
-837	33.1120908683
-836	33.125990136
-835	33.1380959498
-834	33.1312210432
-833	33.1316694067
-832	33.1144821402
-831	33.1415334031
-830	33.1651472127
-829	33.1923479301
-828	33.2114781049
-827	33.2416679121
-826	33.2425646391
-825	33.2503362726
-824	33.2675235391
-823	33.2805260798
-822	33.294574802
-821	33.3108653415
-820	33.3208787924
-819	33.3585413242
-818	33.3832013152
-817	33.4108503961
-816	33.4307278434
-815	33.4438798386
-814	33.4655507398
-813	33.5000747272
-812	33.5196532656
-811	33.5423703482
-810	33.5650874309
-809	33.5900463309
-808	33.6235241369
-807	33.6526677627
-806	33.6865939321
-805	33.7081153789
-804	33.7266477358
-803	33.7523539082
-802	33.789418622
-801	33.8052607981
-800	33.8261844268
-799	33.8424749664
-798	33.8669855029
-797	33.9107756688
-796	33.9191451203
-795	33.9316992976
-794	33.9699596473
-793	33.9825138245
-792	34.0158421761
-791	34.0563443431
-790	34.0851890599
-789	34.0986399641
-788	34.1150799582
-787	34.1406366761
-786	34.1675384845
-785	34.1941413839
-784	34.2007173816
-783	34.2038559259
-782	34.2205948289
-781	34.2555671798
-780	34.2832162606
-779	34.2977133463
-778	34.30249589
-777	34.318935884
-776	34.3347780601
-775	34.3497235092
-774	34.3398595128
-773	34.3428486026
-772	34.3503213272
-771	34.344791511
-770	34.3465849649
-769	34.3628755044
-768	34.3515169631
-767	34.3633238679
-766	34.3594380511
-765	34.3570467793
-764	34.3477806008
-763	34.336272605
-762	34.3196831565
-761	34.302794799
-760	34.3005529816
-759	34.2891944403
-758	34.2723060828
-757	34.2401733672
-756	34.2043042893
-755	34.1744133911
-754	34.1321177701
-753	34.109849051
-752	34.0829472426
-751	34.0623225228
-750	34.0298908982
-749	33.9974592737
-748	33.975340009
-747	33.9479898371
-746	33.898968764
-745	33.8738604095
-744	33.8360484233
-743	33.8109400687
-742	33.7864295322
-741	33.7487670004
-740	33.7242564639
-739	33.7021371992
-738	33.6617844866
-737	33.6315946794
-736	33.6073830519
-735	33.5438648931
-734	33.4970856374
-733	33.4636078314
-732	33.412046032
-731	33.3730384098
-730	33.3228217008
-729	33.2697653564
-728	33.2196981019
-727	33.1817366612
-726	33.1455686743
-725	33.1080555971
-724	33.0591839785
-723	33.0363174413
-722	33.0058287252
-721	32.9539680167
-720	32.9188462113
-719	32.8613062323
-718	32.8236437005
-717	32.773576446
-716	32.756837543
-715	32.7124495591
-714	32.639366313
-713	32.5785383351
-712	32.5262292632
-711	32.4782543715
-710	32.4420863847
-709	32.3917202212
-708	32.3497235092
-707	32.3132566134
-706	32.2743984457
-705	32.2488417277
-704	32.2010162905
-703	32.1606635779
-702	32.1129875953
-701	32.0829472426
-700	32.0561948887
-699	32.0254072635
-698	31.991780003
-697	31.9469436557
-696	31.9044985802
-695	31.8711702287
-694	31.8364967867
-693	31.8211029741
-692	31.7852338963
-691	31.7625168136
-690	31.730683007
-689	31.7229113735
-688	31.7176804663
-687	31.689881931
-686	31.6755342998
-685	31.6480346734
-684	31.6329397698
-683	31.6175459573
-682	31.6085786878
-681	31.5939321477
-680	31.597369601
-679	31.5910925123
-678	31.5892990584
-677	31.5854132417
-676	31.5916903303
-675	31.5724107009
-674	31.5650874309
-673	31.5756986997
-672	31.5628456135
-671	31.5740547003
-670	31.5745030638
-669	31.5810790614
-668	31.5758481542
-667	31.5594081602
-666	31.5570168884
-665	31.5659841578
-664	31.56239725
-663	31.5580630698
-662	31.5828725153
-661	31.6000597818
-660	31.5990136004
-659	31.6115677776
-658	31.6333881333
-657	31.6528172172
-656	31.6753848453
-655	31.7052757435
-654	31.7097593783
-653	31.7235091915
-652	31.7381557316
-651	31.7403975489
-650	31.7427888208
-649	31.7614706322
-648	31.7777611717
-647	31.8119862502
-646	31.8465102376
-645	31.8666865939
-644	31.8925422209
-643	31.9136153041
-642	31.9479898371
-641	31.9890898221
-640	32.0304887162
-639	32.0452847108
-638	32.0824988791
-637	32.1005828725
-636	32.1434763115
-635	32.159169033
-634	32.1924973845
-633	32.1996712001
-632	32.2180541025
-631	32.2500373636
-630	32.2736511732
-629	32.2972649828
-628	32.3204304289
-627	32.336272605
-626	32.3613809595
-625	32.3685547751
-624	32.39500822
-623	32.4142878493
-622	32.4419369302
-621	32.4631594679
-620	32.4766103721
-619	32.4918547302
-618	32.5093409057
-617	32.5235390823
-616	32.5340008967
-615	32.5334030788
-614	32.5416230758
-613	32.5532805261
-612	32.5620983411
-611	32.5676281572
-610	32.5780899716
-609	32.5789866986
-608	32.5939321477
-607	32.5913914213
-606	32.5810790614
-605	32.5490958003
-604	32.553878344
-603	32.5393812584
-602	32.5332536243
-601	32.529517262
-600	32.5190554476
-599	32.4987296368
-598	32.4664474667
-597	32.4322223883
-596	32.4216111194
-595	32.4104020326
-594	32.3918696757
-593	32.3893289493
-592	32.3749813182
-591	32.3585413242
-590	32.3371693319
-589	32.3065311613
-588	32.2761918996
-587	32.2612464505
-586	32.244059184
-585	32.2072933792
-584	32.1724704827
-583	32.1354057689
-582	32.0950530563
-581	32.0804065162
-580	32.0600807054
-579	32.0333283515
-578	32.0017934539
-577	31.9754894635
-576	31.9396203856
-575	31.9007622179
-574	31.8497982364
-573	31.8181138843
-572	31.7652069945
-571	31.7202211926
-570	31.6605888507
-569	31.6079808698
-568	31.5586608878
-567	31.5012703632
-566	31.4568823793
-565	31.4102525781
-564	31.3586907787
-563	31.2903900762
-562	31.2424151846
-561	31.1808399342
-560	31.1449708564
-559	31.0848901509
-558	31.0294425347
-557	30.9641309221
-556	30.916006576
-555	30.8662382305
-554	30.8139291586
-553	30.7569869975
-552	30.7025855627
-551	30.6504259453
-550	30.5952772381
-549	30.5432670752
-548	30.4819907338
-547	30.428784935
-546	30.3790165894
-545	30.3184875205
-544	30.2779853535
-543	30.2235839187
-542	30.1806904797
-541	30.1383948588
-540	30.0872814228
-539	30.0385592587
-538	29.9910327305
-537	29.9499327455
-536	29.8938873113
-535	29.8427738754
-534	29.7961440741
-533	29.7586309969
-532	29.7314302795
-531	29.6741892094
-530	29.6324914064
-529	29.6000597818
-528	29.5616499776
-527	29.5120310865
-526	29.4876700045
-525	29.4586758332
-524	29.4371543865
-523	29.3936631296
-522	29.3696009565
-521	29.3497235092
-520	29.3060827978
-519	29.277835899
-518	29.2545209984
-517	29.2319533702
-516	29.2078911971
-515	29.1859213869
-514	29.1552832163
-513	29.125392318
-512	29.1082050516
-511	29.1105963234
-510	29.0857868779
-509	29.0780152444
-508	29.058735615
-507	29.0345239874
-506	29.0225676282
-505	29.0177850844
-504	29.007921088
-503	28.9973098192
-502	29.0050814527
-501	29.0179345389
-500	29.0064265431
-499	29.0016439994
-498	29.0019429084
-497	29.0101629054
-496	29.0186818114
-495	29.0237632641
-494	29.0270512629
-493	29.0372141683
-492	29.0274996264
-491	29.0349723509
-490	29.0506650725
-489	29.0620236138
-488	29.0612763414
-487	29.075474518
-486	29.1194141384
-485	29.1336123151
-484	29.1709759378
-483	29.1978777462
-482	29.2161111941
-481	29.2312060977
-480	29.2494395457
-479	29.2782842624
-478	29.310715887
-477	29.3577940517
-476	29.3787176805
-475	29.4063667613
-474	29.4304289344
-473	29.4589747422
-472	29.4885667314
-471	29.5099387237
-470	29.5208489015
-469	29.5387834404
-468	29.5601554327
-467	29.5855626962
-466	29.6094754147
-465	29.6392168585
-464	29.6602899417
-463	29.7003437453
-462	29.7450306382
-461	29.7656553579
-460	29.8049618891
-459	29.8375429682
-458	29.8677327754
-457	29.8932894933
-456	29.9134658496
-455	29.9438051113
-454	29.9696607383
-453	29.9859512778
-452	30.0110596323
-451	30.033477806
-450	30.0570916156
-449	30.0662083396
-448	30.0899716036
-447	30.1113435959
-446	30.1246450456
-445	30.126289045
-444	30.1380959498
-443	30.1635032133
-442	30.1805410253
-441	30.1835301151
-440	30.1892093857
-439	30.1886115678
-438	30.168285757
-437	30.1638021223
-436	30.158870124
-435	30.1572261246
-434	30.1482588552
-433	30.1285308624
-432	30.1105963234
-431	30.0998356001
-430	30.0738305186
-429	30.050216709
-428	30.0230159916
-427	30.0103123599
-426	29.992078912
-425	29.9620385593
-424	29.9444029293
-423	29.9128680317
-422	29.890150949
-421	29.8653415035
-420	29.8423255119
-419	29.8222986101
-418	29.7925571663
-417	29.7550440891
-416	29.7109550142
-415	29.6610372142
-414	29.6182932297
-413	29.5453594381
-412	29.4926020027
-411	29.4319234793
-410	29.3734867733
-409	29.3238678822
-408	29.2678224481
-407	29.2059482887
-406	29.1563293977
-405	29.0780152444
-404	28.9887909132
-403	28.9170527574
-402	28.8442684203
-401	28.7741742639
-400	28.7087131968
-399	28.6410103124
-398	28.5736063369
-397	28.5220445374
-396	28.4594231057
-395	28.3803616799
-394	28.3065311613
-393	28.2335973696
-392	28.1557315797
-391	28.0674039755
-390	27.9902854581
-389	27.8973247646
-388	27.8282767897
-387	27.7454790016
-386	27.6734419369
-385	27.6002092363
-384	27.5323568973
-383	27.446121656
-382	27.3580929607
-381	27.2814228068
-380	27.2183530115
-379	27.1324166791
-378	27.0487221641
-377	26.9825138245
-376	26.9059931251
-375	26.8131818861
-374	26.7320280974
-373	26.6511732178
-372	26.5900463309
-371	26.5081452698
-370	26.4187714841
-369	26.3389627858
-368	26.2651322672
-367	26.2069944702
-366	26.1392915857
-365	26.0817516066
-364	26.0239127186
-363	25.9541174712
-362	25.8859662233
-361	25.8225975191
-360	25.7623673591
-359	25.7094604693
-358	25.6460917651
-357	25.6097743237
-356	25.5543267075
-355	25.4984307278
-354	25.437303841
-353	25.3902256763
-352	25.3624271409
-351	25.293976984
-350	25.2461515469
-349	25.1977282917
-348	25.1623075773
-347	25.1132865043
-346	25.0805559707
-345	25.0301898072
-344	24.9979076371
-343	24.9793752802
-342	24.9653265581
-341	24.9252727544
-340	24.9106262143
-339	24.8777462263
-338	24.8420266029
-337	24.8167687939
-336	24.7931549843
-335	24.7699895382
-334	24.7665520849
-333	24.7438350022
-332	24.739799731
-331	24.7462262741
-330	24.7320280974
-329	24.7326259154
-328	24.7273950082
-327	24.7200717382
-326	24.706321925
-325	24.706620834
-324	24.7036317441
-323	24.7070691974
-322	24.7115528322
-321	24.7188761022
-320	24.7190255567
-319	24.731579734
-318	24.772978628
-317	24.7806008071
-316	24.799133164
-315	24.8075026155
-314	24.8300702436
-313	24.8381407861
-312	24.8632491406
-311	24.8786429532
-310	24.9122702137
-309	24.9322971155
-308	24.9466447467
-307	24.9647287401
-306	24.9866985503
-305	25.007622179
-304	25.0357196234
-303	25.0600807054
-302	25.0907188761
-301	25.1313704977
-300	25.1661933941
-299	25.1886115678
-298	25.2304588253
-297	25.2711104469
-296	25.3042893439
-295	25.3237184277
-294	25.3542071439
-293	25.3896278583
-292	25.4174263937
-291	25.4522492901
-290	25.4973845464
-289	25.5319085339
-288	25.5579136153
-287	25.588252877
-286	25.5966223285
-285	25.6156030489
-284	25.6287550441
-283	25.6486324914
-282	25.6747870274
-281	25.689284113
-280	25.69750411
-279	25.7019877447
-278	25.7403975489
-277	25.7586309969
-276	25.7674488118
-275	25.7638619041
-274	25.7746226274
-273	25.7810491705
-272	25.8170677029
-271	25.8203557017
-270	25.8161709759
-269	25.8173666119
-268	25.8415782394
-267	25.8382902406
-266	25.840532058
-265	25.8509938724
-264	25.8505455089
-263	25.8450156927
-262	25.8387386041
-261	25.8263338813
-260	25.8079509789
-259	25.790614258
-258	25.7640113585
-257	25.756538634
-256	25.7302346436
-255	25.7087131968
-254	25.6731430279
-253	25.6459423106
-252	25.6048423255
-251	25.5582125243
-250	25.5172619937
-249	25.4839336422
-248	25.4609176506
-247	25.4292332985
-246	25.3769242266
-245	25.318935884
-244	25.2661784487
-243	25.218502466
-242	25.1738155732
-241	25.1050665072
-240	25.0454341653
-239	24.983261097
-238	24.9201913017
-237	24.8587655059
-236	24.797638619
-235	24.7314302795
-234	24.6546106711
-233	24.5812285159
-232	24.5136750859
-231	24.4304289344
-230	24.3616798685
-229	24.2811238978
-228	24.184725751
-227	24.1061126887
-226	24.0101629054
-225	23.923927664
-224	23.83993424
-223	23.7511582723
-222	23.6825586609
-221	23.5924376027
-220	23.495142729
-219	23.4190703931
-218	23.3180391571
-217	23.2137199223
-216	23.1165745031
-215	23.0288447168
-214	22.9375280227
-213	22.8544313257
-212	22.7707368106
-211	22.6825586609
-210	22.5901957854
-209	22.4891645494
-208	22.3920191302
-207	22.310118069
-206	22.2177551935
-205	22.1031235989
-204	22.0162905395
-203	21.9382752952
-202	21.857868779
-201	21.7734269915
-200	21.6800179345
-199	21.5652368854
-198	21.4770587356
-197	21.385891496
-196	21.30249589
-195	21.1989239277
-194	21.1234494097
-193	21.0555970707
-192	20.967120012
-191	20.88252877
-190	20.7912120759
-189	20.722761919
-188	20.6314452249
-187	20.5598565237
-186	20.4727245554
-185	20.3994918547
-184	20.3226722463
-183	20.2566133612
-182	20.1754595726
-181	20.1094006875
-180	20.041398894
-179	19.9760872814
-178	19.9279629353
-177	19.8538335077
-176	19.7904648035
-175	19.7099088328
-174	19.6423554028
-173	19.5843670602
-172	19.5142729039
-171	19.4637572859
-170	19.3923180392
-169	19.3181886116
-168	19.2651322672
-167	19.2176057391
-166	19.1652966672
-165	19.109550142
-164	19.049618891
-163	19.0050814527
-162	18.9556120161
-161	18.9119713047
-160	18.8735615005
-159	18.8384396951
-158	18.7886713496
-157	18.7472724555
-156	18.721865192
-155	18.6954117471
-154	18.6547601255
-153	18.6496786728
-152	18.6085786878
-151	18.5745030638
-150	18.5604543417
-149	18.5251830818
-148	18.4942460021
-147	18.4936481841
-146	18.4700343745
-145	18.4683903751
-144	18.4606187416
-143	18.462860559
-142	18.4550889254
-141	18.4497085637
-140	18.4438798386
-139	18.4304289344
-138	18.4307278434
-137	18.4384994769
-136	18.4595725602
-135	18.4794500075
-134	18.4845314602
-133	18.504558362
-132	18.5275743536
-131	18.5375878045
-130	18.5470034375
-129	18.570617247
-128	18.6028994171
-127	18.621431774
-126	18.6451950381
-125	18.6623823046
-124	18.7001942908
-123	18.7236586459
-122	18.747123001
-121	18.7675982663
-120	18.7950978927
-119	18.8363473322
-118	18.8719175011
-117	18.9119713047
-116	18.9424600209
-115	18.9980570916
-114	19.0524585264
-113	19.1247945001
-112	19.1678373935
-111	19.2059482887
-110	19.2850097145
-109	19.3903751308
-108	19.3932147661
-107	19.4105514871
-106	19.4800478254
-105	19.479599462
-104	19.4961889105
-103	19.5638917949
-102	19.6190405022
-101	19.7097593783
-100	19.7909131669
-99	19.8698251382
-98	19.9535196533
-97	20.0318338066
-96	20.1327155881
-95	20.2374831864
-94	20.3302944253
-93	20.4274398446
-92	20.5477507099
-91	20.6399641309
-90	20.7366611867
-89	20.8450156927
-88	20.9535196533
-87	21.0635181587
-86	21.1741144821
-85	21.3011507996
-84	21.4271409356
-83	21.5499925273
-82	21.6598415782
-81	21.7797040801
-80	21.9058436706
-79	22.0325810791
-78	22.1546853983
-77	22.2911373487
-76	22.4352114781
-75	22.5812285159
-74	22.721865192
-73	22.8752054999
-72	23.0283963533
-71	23.1905544762
-70	23.32745479
-69	23.4903601853
-68	23.6544612166
-67	23.8254371544
-66	24.0289941713
-65	24.2080406516
-64	24.3775220445
-63	24.5564190704
-62	24.7453295472
-61	24.9345389329
-60	25.1197130474
-59	25.3268569721
-58	25.5171125392
-57	25.7220146465
-56	25.9382752952
-55	26.1241966821
-54	26.3334329697
-53	26.5615005231
-52	26.7755193544
-51	26.9859512778
-50	27.2019130175
-49	27.4263936631
-48	27.6531161261
-47	27.8840233149
-46	28.0962486923
-45	28.3286504259
-44	28.5858616051
-43	28.8193095203
-42	29.0452847108
-41	29.286354805
-40	29.488118368
-39	29.7112539232
-38	29.9496338365
-37	30.1330144971
-36	30.3216260649
-35	30.6327903153
-34	30.8928411299
-33	31.1200119564
-32	31.4012853086
-31	31.6827081154
-30	31.9007622179
-29	32.1416828576
-28	32.3552533254
-27	32.5761470632
-26	32.7927066208
-25	32.9928261844
-24	33.2204453744
-23	33.436706023
-22	33.638768495
-21	33.8391869676
-20	34.0291436258
-19	34.1875653863
-18	34.3843969511
-17	34.5601554327
-16	34.7273950082
-15	34.891346585
-14	35.0621730683
-13	35.2168584666
-12	35.3835002242
-11	35.5396801674
-10	35.6732924824
-9	35.8278284262
-8	35.9653265581
-7	36.0708414288
-6	36.1860708414
-5	36.2978628008
-4	36.3869376775
-3	36.4990285458
-2	36.5919892393
-1	36.6607383052
0	36.7327753699
1	36.7846360783
2	36.8324615155
3	36.8811836796
4	36.924824391
5	36.9638320132
6	36.999402182
7	37.0086683605
8	37.0339261695
9	37.0530563443
10	37.042295621
11	37.0153938126
12	37.0031385443
13	36.9647287401
14	36.9131669407
15	36.8735615005
16	36.8211029741
17	36.7384546406
18	36.6928710208
19	36.6366761321
20	36.5628456135
21	36.5070990883
22	36.4320729338
23	36.3555522343
24	36.2667762666
25	36.1687341205
26	36.0588850695
27	35.9775818263
28	35.8898520401
29	35.765356449
30	35.6505753998
31	35.538633986
32	35.3670602302
33	35.2304588253
34	35.108952324
35	35.0959497833
36	35.1805410253
37	34.9660738305
38	34.9027051263
39	34.9947690928
40	34.8078015244
41	34.6432521297
42	34.5017187266
43	34.3824540427
44	34.2334479151
45	34.0756239725
46	33.9455985652
47	33.7986848005
48	33.6691077567
49	33.5499925273
50	33.3915707667
51	33.2465999103
52	33.151247945
53	33.0109101779
54	32.907188761
55	32.8134807951
56	32.6949633836
57	32.6023015992
58	32.5244358093
59	32.3972500374
60	32.301898072
61	32.2259751906
62	32.1023763264
63	32.01763563
64	31.9442534748
65	31.8462113287
66	31.7764160813
67	31.739500822
68	31.6596921237
69	31.5948288746
70	31.5389328949
71	31.4558361979
72	31.4077118517
73	31.3707965924
74	31.3262591541
75	31.3056344343
76	31.3095202511
77	31.2524286355
78	31.2461515469
79	31.2579584517
80	31.2262740995
81	31.2117770139
82	31.2265730085
83	31.2128231953
84	31.2328500971
85	31.2675235391
86	31.2890449858
87	31.3344791511
88	31.4017336721
89	31.4217605739
90	31.4740696458
91	31.5313107159
92	31.5419219848
93	31.6028994171
94	31.6839037513
95	31.7253026453
96	31.8046629801
97	31.9109251233
98	31.9590494694
99	32.0458825288
100	32.150949036
101	32.2071439247
102	32.3054849798
103	32.4387983859
104	32.538633986
105	32.7043790166
106	32.8781945897
107	32.9801225527
108	32.9940218204
109	32.9469436557
110	33.1369003139
111	33.1936930205
112	33.1464654013
113	33.2930802571
114	33.4766103721
115	33.6484830369
116	33.7587804514
117	33.9318487521
118	34.118069048
119	34.2347930055
120	34.4086085787
121	34.5864594231
122	34.6912270214
123	34.8829771335
124	35.0735316096
125	35.184725751
126	35.3812584068
127	35.5703183381
128	35.6740397549
129	35.8529367808
130	36.0382603497
131	36.1466148558
132	36.3480795098
133	36.5342998057
134	36.6263637722
135	36.8261844268
136	37.0020923629
137	37.1413839486
138	37.3425496936
139	37.5217456285
140	37.6314452249
141	37.8336571514
142	38.0113585413
143	38.1094006875
144	38.2960693469
145	38.4658496488
146	38.58003288
147	38.7441339112
148	38.8916454939
149	38.9739949185
150	39.142131221
151	39.2661784487
152	39.3216260649
153	39.4755641907
154	39.5993125093
155	39.6632790315
156	39.8173666119
157	39.9305036616
158	39.9725003736
159	40.0795097893
160	40.1612613959
161	40.1978777462
162	40.3045882529
163	40.3812584068
164	40.3852936781
165	40.4833358242
166	40.5345987147
167	40.5135256314
168	40.5828725153
169	40.6202361381
170	40.5918397848
171	40.6419070393
172	40.6670153938
173	40.6256164998
174	40.6450455836
175	40.6215812285
176	40.5411747123
177	40.5193543566
178	40.4807950979
179	40.3815573158
180	40.361231505
181	40.3183380661
182	40.1957853834
183	40.1455686743
184	40.0730832462
185	39.9231803916
186	39.8668360484
187	39.7761171723
188	39.6348826782
189	39.5477507099
190	39.4392467494
191	39.2652817217
192	39.1632043043
193	39.0588850695
194	38.8820804065
195	38.7761171723
196	38.6330892243
197	38.4253474817
198	38.2920340756
199	38.1404872216
200	37.9393214766
201	37.8081004334
202	37.6525183082
203	37.4495591093
204	37.3147511583
205	37.1428784935
206	36.9346883874
207	36.7770138993
208	36.5993125093
209	36.3761769541
210	36.2013151995
211	36.0141981767
212	35.8045135256
213	35.6540128531
214	35.4643551039
215	35.276939172
216	35.1527424899
217	34.9913316395
218	34.7791062621
219	34.6336870423
220	34.4785532805
221	34.2645344493
222	34.1291286803
223	33.9793752802
224	33.7825437154
225	33.6679121208
226	33.5227918099
227	33.3467344194
228	33.2250784636
229	33.067254521
230	32.8991182185
231	32.8109400687
232	32.6904797489
233	32.5420714392
234	32.4411896577
235	32.3286504259
236	32.1965326558
237	32.13510686
238	32.0431923479
239	31.90748767
240	31.8602600508
241	31.765356449
242	31.6516215812
243	31.6076819608
244	31.5428187117
245	31.4361082051
246	31.3902256763
247	31.3473322373
248	31.277238081
249	31.268420266
250	31.2542220894
251	31.1936930205
252	31.2034075624
253	31.1981766552
254	31.1464654013
255	31.1892093857
256	31.2057988343
257	31.168883575
258	31.2386788223
259	31.2914362577
260	31.2821700792
261	31.34509042
262	31.4169780302
263	31.4063667613
264	31.5057539979
265	31.5976685099
266	31.6026005081
267	31.688387386
268	31.7773128082
269	31.7921088029
270	31.9204902107
271	32.0209236288
272	32.0611268869
273	32.1930952025
274	32.3171424301
275	32.3849947691
276	32.5218950829
277	32.64758631
278	32.7294873711
279	32.8790913167
280	33.0442385294
281	33.1113435959
282	33.2926318936
283	33.4570318338
284	33.5511881632
285	33.7163353759
286	33.8601105963
287	33.9660738305
288	34.1238977731
289	34.277238081
290	34.3852936781
291	34.5768943357
292	34.7453295472
293	34.8429233298
294	35.0452847108
295	35.2292631894
296	35.335674787
297	35.5337019877
298	35.7037811986
299	35.8021222538
300	35.9852040054
301	36.1481094007
302	36.268719175
303	36.4654012853
304	36.6069346884
305	36.714541922
306	36.9103273053
307	37.075474518
308	37.1672395755
309	37.3267075176
310	37.4754147362
311	37.5561201614
312	37.7199222837
313	37.8548796891
314	37.9439545658
315	38.0968465102
316	38.2259751906
317	38.3066806158
318	38.4645045584
319	38.5900463309
320	38.6484830369
321	38.7823942609
322	38.8946345838
323	38.9476909281
324	39.0790614258
325	39.1684352115
326	39.2143177402
327	39.3175907936
328	39.4033776715
329	39.4217605739
330	39.503362726
331	39.5523837991
332	39.5341503512
333	39.605589598
334	39.6492303094
335	39.6359288597
336	39.6925721118
337	39.7046779256
338	39.6611866687
339	39.6991481094
340	39.7125990136
341	39.6553579435
342	39.6939172022
343	39.6493797639
344	39.5894485129
345	39.5921386938
346	39.5455088925
347	39.4657001943
348	39.4419369302
349	39.3797638619
350	39.2830668062
351	39.2295620983
352	39.1539381258
353	39.0153938126
354	38.9828127335
355	38.873412046
356	38.7272455537
357	38.6656703034
358	38.563293977
359	38.4299805709
360	38.343894784
361	38.2183530115
362	38.0594828875
363	37.9626363772
364	37.8267822448
365	37.6398146764
366	37.5347481692
367	37.378867135
368	37.1860708414
369	37.0688985204
370	36.9124196682
371	36.7369600957
372	36.6266626812
373	36.4689881931
374	36.2902406217
375	36.1655955761
376	36.0007472725
377	35.8222986101
378	35.6997459274
379	35.5220445374
380	35.3095202511
381	35.1863697504
382	35.0388581677
383	34.8638469586
384	34.7575848154
385	34.6079808698
386	34.427888208
387	34.3168435211
388	34.1678373935
389	33.9949185473
390	33.8838738604
391	33.7531011807
392	33.579435062
393	33.4752652817
394	33.3498729637
395	33.1808399342
396	33.0691974294
397	32.9249738455
398	32.7822448065
399	32.6946644747
400	32.6020026902
401	32.4491107458
402	32.3938125841
403	32.3243162457
404	32.2066955612
405	32.1558810342
406	32.0829472426
407	31.9677178299
408	31.898370946
409	31.8607084143
410	31.756837543
411	31.7257510088
412	31.6954117471
413	31.6309968615
414	31.6280077716
415	31.6054401435
416	31.5664325213
417	31.5875056045
418	31.5943805111
419	31.5591092512
420	31.5933343297
421	31.605589598
422	31.5725601554
423	31.6250186818
424	31.6780750262
425	31.6692572112
426	31.7517560903
427	31.7994320729
428	31.8185622478
429	31.9003138544
430	31.9482887461
431	31.9677178299
432	32.0648632491
433	32.1497534001
434	32.1993722911
435	32.2974144373
436	32.403228217
437	32.4544911075
438	32.5881034225
439	32.6952622926
440	32.7602749963
441	32.8846211329
442	33.0094156329
443	33.0775668809
444	33.2078911971
445	33.3343296966
446	33.4163802122
447	33.5640412494
448	33.7022866537
449	33.7806008071
450	33.9397698401
451	34.0795097893
452	34.1720221193
453	34.3435958751
454	34.5054550889
455	34.5981168734
456	34.7519055448
457	34.9000149454
458	35.0192796294
459	35.1905544762
460	35.3494246002
461	35.4561351069
462	35.6268121357
463	35.7835898969
464	35.8683305933
465	36.0303392617
466	36.1800926618
467	36.269316993
468	36.4411896577
469	36.597070692
470	36.7040801076
471	36.8625018682
472	37.0070243611
473	37.0896726947
474	37.2515319085
475	37.370348229
476	37.4432820206
477	37.5890001495
478	37.7259004633
479	37.7934538933
480	37.9379763862
481	38.0712897923
482	38.1289792258
483	38.2755940816
484	38.3707965924
485	38.4169780302
486	38.5287699895
487	38.6176954117
488	38.6531161261
489	38.7574353609
490	38.8260349724
491	38.8308175161
492	38.9146614856
493	38.9615901958
494	38.9841578239
495	39.0727843372
496	39.1261395905
497	39.1150799582
498	39.1643999402
499	39.1924973845
500	39.1809893887
501	39.2307577343
502	39.2497384546
503	39.2292631894
504	39.2442086385
505	39.2319533702
506	39.1848752055
507	39.1936930205
508	39.1920490211
509	39.1038708713
510	39.1065610522
511	39.06755343
512	38.9932745479
513	38.9843072784
514	38.9372291137
515	38.8415782394
516	38.8088477059
517	38.7604244508
518	38.6541623076
519	38.6244208638
520	38.5653863399
521	38.4428336572
522	38.39500822
523	38.3154984307
524	38.1823344792
525	38.1195635929
526	38.017037812
527	37.8687789568
528	37.8119862502
529	37.7042295621
530	37.5586608878
531	37.4670452847
532	37.3522642355
533	37.1968315648
534	37.11747123
535	37.0031385443
536	36.8447167837
537	36.7525033627
538	36.639366313
539	36.4931998207
540	36.4166791212
541	36.2903900762
542	36.126886863
543	36.0400538036
544	35.9142131221
545	35.748318637
546	35.6564041249
547	35.520400538
548	35.3767747721
549	35.2978628008
550	35.1723210282
551	35.0191301749
552	34.9397698401
553	34.815573158
554	34.664026304
555	34.5688237932
556	34.4477656554
557	34.3144522493
558	34.2285159169
559	34.1146315947
560	33.9816170976
561	33.9233298461
562	33.8227469735
563	33.6879390226
564	33.6399641309
565	33.5502914363
566	33.4254969362
567	33.3684053206
568	33.276640263
569	33.1626064863
570	33.1325661336
571	33.0946046929
572	32.9971603647
573	32.9639814676
574	32.9122702137
575	32.8104917053
576	32.7967418921
577	32.7752204454
578	32.7149902855
579	32.7154386489
580	32.696906292
581	32.6269615902
582	32.6456434016
583	32.6301001345
584	32.5852637872
585	32.6172470483
586	32.6259154088
587	32.612613959
588	32.6562546705
589	32.6812135705
590	32.6570019429
591	32.7070691974
592	32.7239575549
593	32.698101928
594	32.7514571813
595	32.806157525
596	32.8130324316
597	32.8949334928
598	32.9550141982
599	32.9989538186
600	33.1044686893
601	33.1641010312
602	33.1978777462
603	33.2989089822
604	33.3754296817
605	33.4154834853
606	33.5251830818
607	33.5985652369
608	33.65490958
609	33.7879240771
610	33.891047676
611	33.9615901958
612	34.0953519653
613	34.1996712001
614	34.268420266
615	34.3978478553
616	34.5000747272
617	34.5767448812
618	34.713645195
619	34.8367956957
620	34.9305036616
621	35.0826483336
622	35.1744133911
623	35.2495890001
624	35.3994918547
625	35.5247347183
626	35.6148557764
627	35.7698400837
628	35.9033029443
629	35.9844567329
630	36.1206097743
631	36.2439097295
632	36.3225227918
633	36.4652518308
634	36.5831714243
635	36.6590943058
636	36.8012255268
637	36.9073382155
638	36.9732476461
639	37.11747123
640	37.2370348229
641	37.3180391571
642	37.4425347482
643	37.5230907189
644	37.5591092512
645	37.6912270214
646	37.7823942609
647	37.8327604245
648	37.957704379
649	38.0431923479
650	38.0832461515
651	38.1812882977
652	38.2534748169
653	38.2784337169
654	38.3764758631
655	38.445523838
656	38.4748169182
657	38.5688237932
658	38.6105215962
659	38.6215812285
660	38.6901808399
661	38.7360633687
662	38.7273950082
663	38.7816469885
664	38.8182633388
665	38.8081004334
666	38.8539829622
667	38.8675833209
668	38.8315647885
669	38.8635480496
670	38.856972052
671	38.8378418771
672	38.8451651472
673	38.8187117023
674	38.7687939023
675	38.7831415334
676	38.7670004484
677	38.7087131968
678	38.7178299208
679	38.6964579286
680	38.62262741
681	38.5985652369
682	38.55507398
683	38.4746674638
684	38.4512031087
685	38.3836496787
686	38.2881482589
687	38.2540726349
688	38.2022119265
689	38.101629054
690	38.0390076222
691	37.9590494694
692	37.8390375131
693	37.7711851741
694	37.6559557615
695	37.5471528919
696	37.4985801823
697	37.3985951278
698	37.2657300852
699	37.2054999253
700	37.1182185025
701	37.0022418174
702	36.9266178449
703	36.8369451502
704	36.714840831
705	36.6484830369
706	36.5571663428
707	36.4102525781
708	36.352114781
709	36.2455537289
710	36.117172321
711	36.0579883425
712	35.9629352862
713	35.8199073382
714	35.7441339112
715	35.6259154088
716	35.4994769093
717	35.4476162009
718	35.3462860559
719	35.2032581079
720	35.1428784935
721	35.0558959797
722	34.9254222089
723	34.8699745927
724	34.7750709909
725	34.6456434016
726	34.5909430578
727	34.5186070841
728	34.4017336721
729	34.3377671499
730	34.2743984457
731	34.1860708414
732	34.1516963085
733	34.0987894186
734	33.9974592737
735	33.9766850994
736	33.9206396652
737	33.8258855179
738	33.8054102526
739	33.7777611717
740	33.7055746525
741	33.6943655657
742	33.6611866687
743	33.6002092363
744	33.5812285159
745	33.5662830668
746	33.5135256314
747	33.5224929009
748	33.5208489015
749	33.4767598266
750	33.5085936332
751	33.4888656404
752	33.4377522045
753	33.4828874608
754	33.4884172769
755	33.445224929
756	33.4845314602
757	33.4946943656
758	33.4909580033
759	33.5405768943
760	33.5628456135
761	33.5567179794
762	33.6106710507
763	33.6753848453
764	33.6967568375
765	33.765356449
766	33.8202062472
767	33.8497982364
768	33.9299058437
769	33.9750411
770	34.0067254521
771	34.100134509
772	34.1742639366
773	34.1950381109
774	34.286055896
775	34.3658645942
776	34.4124943955
777	34.5181587207
778	34.6048423255
779	34.6477357645
780	34.7746226274
781	34.865789867
782	34.9133163952
783	35.0295919892
784	35.1044686893
785	35.1490061276
786	35.2673740846
787	35.3570467793
788	35.4332685697
789	35.5576147063
790	35.6584964878
791	35.7241070094
792	35.8616051412
793	35.9729487371
794	36.0286952623
795	36.1552832163
796	36.2403228217
797	36.3120609774
798	36.4473172919
799	36.5319085339
800	36.5688237932
801	36.6840532058
802	36.7995815274
803	36.8515916903
804	36.9364818413
805	37.0185323569
806	37.0539530713
807	37.1548348528
808	37.235839187
809	37.2900911672
810	37.3957554925
811	37.4549394709
812	37.4908085488
813	37.5881034225
814	37.6496786728
815	37.6688088477
816	37.7514571813
817	37.8176655208
818	37.8336571514
819	37.9050963981
820	37.9639814676
821	37.9763861904
822	38.034075624
823	38.0732327006
824	38.0778657899
825	38.1373486773
826	38.1871170229
827	38.1820355702
828	38.2452548199
829	38.2657300852
830	38.2551188163
831	38.2699148109
832	38.2921835301
833	38.2881482589
834	38.311612614
835	38.3265580631
836	38.2729039008
837	38.2811238978
838	38.2787326259
839	38.2319533702
840	38.251382454
841	38.2551188163
842	38.2183530115
843	38.2081901061
844	38.1808399342
845	38.108653415
846	38.1143326857
847	38.076072336
848	38.0128530862
849	38.008817815
850	37.9538185622
851	37.8783440442
852	37.8623524137
853	37.8031684352
854	37.7123001046
855	37.6957106561
856	37.6330892243
857	37.5595576147
858	37.5319085339
859	37.4700343745
860	37.3923180392
861	37.3595875056
862	37.3017486175
863	37.1893588402
864	37.1300254073
865	37.0617247048
866	36.9378269317
867	36.9021073083
868	36.8258855179
869	36.7332237334
870	36.689881931
871	36.621132865
872	36.5390823494
873	36.4930503662
874	36.4127933044
875	36.2871020774
876	36.2331490061
877	36.1799432073
878	36.0768196084
879	36.0234643551
880	35.9596472874
881	35.8474069646
882	35.8058586161
883	35.7463757286
884	35.6623823046
885	35.6256164998
886	35.5779405171
887	35.4926020027
888	35.4568823793
889	35.3984456733
890	35.2986100732
891	35.2593035421
892	35.2158122852
893	35.1276341354
894	35.0932596025
895	35.0342250785
896	34.9523240173
897	34.9309520251
898	34.8976236736
899	34.8028695262
900	34.7725302645
901	34.7288895531
902	34.6682110297
903	34.6677626663
904	34.6462412195
905	34.587655059
906	34.580331789
907	34.5734568824
908	34.5241369003
909	34.5609027051
910	34.5543267075
911	34.5250336273
912	34.5604543417
913	34.5511881632
914	34.4926020027
915	34.5072485428
916	34.528620535
917	34.5094903602
918	34.5375878045
919	34.5389328949
920	34.5151696308
921	34.5470034375
922	34.5570168884
923	34.5528321626
924	34.6008070543
925	34.6311463159
926	34.6386190405
927	34.6988492004
928	34.7332237334
929	34.7357644597
930	34.7950978927
931	34.8456135107
932	34.8369451502
933	34.8781945897
934	34.9278134808
935	34.9273651173
936	34.9946196383
937	35.0665072485
938	35.0841428785
939	35.1554326708
940	35.2075922881
941	35.2319533702
942	35.3105664325
943	35.3734867733
944	35.369451502
945	35.4268420266
946	35.4945449111
947	35.5307128979
948	35.6242714094
949	35.6744881184
950	35.6858466597
951	35.7771633538
952	35.8633985951
953	35.8968764011
954	36.0098639964
955	36.0706919743
956	36.0875803318
957	36.1727693917
958	36.2306082798
959	36.2486922732
960	36.3153489762
961	36.3918696757
962	36.4243013003
963	36.5123299955
964	36.595875056
965	36.6248692273
966	36.7064713795
967	36.7746226274
968	36.8043640711
969	36.8732625915
970	36.9340905694
971	36.9605440143
972	37.0485727096
973	37.125990136
974	37.1585712151
975	37.2210431923
976	37.2757435361
977	37.3057838888
978	37.3754296817
979	37.4308772979
980	37.4232551188
981	37.4825885518
982	37.5085936332
983	37.5084441787
984	37.5438648931
985	37.5737557914
986	37.5776416081
987	37.6363772231
988	37.6732924824
989	37.6507248543
990	37.672844119
991	37.7103571962
992	37.7108055597
993	37.7587804514
994	37.7874757136
995	37.7743237184
996	37.8043640711
997	37.8083993424
998	37.7819458975
999	37.7986848005
1000	37.7841877148
1001	37.7427888208
1002	37.7677477208
1003	37.7728291735
1004	37.7223135555
1005	37.7596771783
1006	37.7595277238
1007	37.7012404723
1008	37.7125990136
1009	37.6828575699
1010	37.6185921387
1011	37.6269615902
1012	37.6121655956
1013	37.5516365267
1014	37.5641907039
1015	37.5446121656
1016	37.4813929159
1017	37.4933492751
1018	37.4896129129
1019	37.4289343895
1020	37.41996712
1021	37.3894784038
1022	37.3295471529
1023	37.3177402481
1024	37.2537737259
1025	37.1569272157
1026	37.1309221342
1027	37.0671050665
1028	36.9790763712
1029	36.9481392916
1030	36.9034523987
1031	36.8281273352
1032	36.7913615304
1033	36.7722313556
1034	36.6894335675
1035	36.6692572112
1036	36.6205350471
1037	36.55507398
1038	36.5440143476
1039	36.4973845464
1040	36.419369302
1041	36.4006874907
1042	36.3736362278
1043	36.2794798984
1044	36.2331490061
1045	36.1756090271
1046	36.0947541474
1047	36.0626214318
1048	36.0351218054
1049	35.9511283814
1050	35.9197429383
1051	35.8771484083
1052	35.789418622
1053	35.7843371693
1054	35.7377073681
1055	35.6498281273
1056	35.6504259453
1057	35.630548498
1058	35.5393812584
1059	35.5109849051
1060	35.4748169182
1061	35.4096547601
1062	35.411149305
1063	35.4066656703
1064	35.3507696906
1065	35.3207293379
1066	35.3023464355
1067	35.2548199073
1068	35.2488417277
1069	35.2364370049
1070	35.1880137498
1071	35.1878642953
1072	35.175907936
1073	35.1369003139
1074	35.1557315797
1075	35.151247945
1076	35.1038708713
1077	35.1252428635
1078	35.1273352264
1079	35.0940068749
1080	35.1161261396
1081	35.1312210432
1082	35.1286803168
1083	35.1494544911
1084	35.1566283067
1085	35.1487072187
1086	35.1950381109
1087	35.1893588402
1088	35.1510984905
1089	35.1672395755
1090	35.1936930205
1091	35.1684352115
1092	35.2013151995
1093	35.2291137349
1094	35.2171573756
1095	35.2593035421
1096	35.2960693469
1097	35.3086235241
1098	35.3707965924
1099	35.4169780302
1100	35.4226573009
1101	35.4800478254
1102	35.5311612614
1103	35.5467045285
1104	35.5872066956
1105	35.6318935884
1106	35.6257659543
1107	35.6671648483
1108	35.7199222837
1109	35.7327753699
1110	35.7719324466
1111	35.7986848005
1112	35.8145269765
1113	35.8625018682
1114	35.9140636676
1115	35.9227320281
1116	36.0089672695
1117	36.0608279779
1118	36.0700941563
1119	36.1331639516
1120	36.1563293977
1121	36.1467643103
1122	36.2035570169
1123	36.2591540876
1124	36.2729039008
1125	36.3316395158
1126	36.3793154984
1127	36.4020325811
1128	36.4807950979
1129	36.5274248991
1130	36.5405768943
1131	36.6166492303
1132	36.6849499327
1133	36.6979524735
1134	36.7523539082
1135	36.7994320729
1136	36.7997309819
1137	36.8312658795
1138	36.8666865939
1139	36.8526378718
1140	36.9015094904
1141	36.9328949335
1142	36.9240771185
1143	36.9790763712
1144	37.0113585413
1145	36.9982065461
1146	37.0410999851
1147	37.0693468839
1148	37.0681512479
1149	37.1002839635
1150	37.1277835899
1151	37.1035719623
1152	37.1279330444
1153	37.1400388582
1154	37.1134359588
1155	37.1267374085
1156	37.150949036
1157	37.1231505007
1158	37.1357046779
1159	37.1270363174
1160	37.1023763264
1161	37.1235988641
1162	37.1422806755
1163	37.1076072336
1164	37.1306232252
1165	37.1629053953
1166	37.1310715887
1167	37.1419817666
1168	37.1582723061
1169	37.1283814079
1170	37.1437752204
1171	37.1392915857
1172	37.0807054252
1173	37.0993872366
1174	37.1044686893
1175	37.0599312509
1176	37.0529068899
1177	37.0427439845
1178	37.0109101779
1179	37.0149454491
1180	37.0182334479
1181	36.9502316545
1182	36.9566581976
1183	36.9316992976
1184	36.8862651323
1185	36.8729636826
1186	36.8678822299
1187	36.8075026155
1188	36.7888208041
1189	36.7590793603
1190	36.7134957405
1191	36.7149902855
1192	36.6989986549
1193	36.6729935735
1194	36.6812135705
1195	36.6785233896
1196	36.6215812285
1197	36.6142579585
1198	36.6073830519
1199	36.5434165297
1200	36.53011508
1201	36.5018681811
1202	36.4390972949
1203	36.4256463907
1204	36.3993424002
1205	36.3295471529
1206	36.3249140637
1207	36.3146017038
1208	36.2425646391
1209	36.2156628307
1210	36.2117770139
1211	36.1859213869
1212	36.1732177552
1213	36.1445224929
1214	36.0889254222
1215	36.0735316096
1216	36.0494694366
1217	36.0047825437
1218	36.0025407263
1219	35.9865490958
1220	35.9251233
1221	35.9130174862
1222	35.9013600359
1223	35.8478553281
1224	35.8414287849
1225	35.8526378718
1226	35.8206546107
1227	35.8199073382
1228	35.8288746077
1229	35.7789568077
1230	35.7834404424
1231	35.7792557166
1232	35.7495142729
1233	35.7646091765
1234	35.7747720819
1235	35.7314302795
1236	35.7525033627
1237	35.7423404573
1238	35.67986848
1239	35.6819608429
1240	35.706023016
1241	35.655806307
1242	35.6641757585
1243	35.6692572112
1244	35.6386190405
1245	35.6547601255
1246	35.6676132118
1247	35.64758631
1248	35.6628306681
1249	35.6904797489
1250	35.6868928411
1251	35.6928710208
1252	35.7108055597
1253	35.6918248393
1254	35.7256015543
1255	35.739799731
1256	35.7496637274
1257	35.7740248094
1258	35.7974891645
1259	35.7861306232
1260	35.8348527873
1261	35.8623524137
1262	35.8538335077
1263	35.8874607682
1264	35.9115229413
1265	35.8935884023
1266	35.9004633089
1267	35.9293080257
1268	35.8991182185
1269	35.9189956658
1270	35.9400687491
1271	35.9101778508
1272	35.9479898371
1273	35.9745927365
1274	35.9719025557
1275	36.0103123599
1276	36.0514123449
1277	36.041398894
1278	36.0835450605
1279	36.1182185025
1280	36.1068599611
1281	36.143625766
1282	36.1996712001
1283	36.1802421163
1284	36.2087879241
1285	36.2534748169
1286	36.2597519055
1287	36.2935286205
1288	36.3326856972
1289	36.3338813331
1290	36.3651173218
1291	36.3842474966
1292	36.3933642206
1293	36.4350620236
1294	36.4520998356
1295	36.4549394709
1296	36.4949932745
1297	36.5340008967
1298	36.537737259
1299	36.5707667015
1300	36.5951277836
1301	36.5756986997
1302	36.6000597818
1303	36.6191899567
1304	36.6139590495
1305	36.6321924974
1306	36.6474368555
1307	36.6290539531
1308	36.6710506651
1309	36.6852488417
1310	36.6502764908
1311	36.6744881184
1312	36.7046779256
1313	36.6706023016
1314	36.6985502914
1315	36.7299357346
1316	36.7072186519
1317	36.7383051861
1318	36.7704379017
1319	36.74742191
1320	36.7698400837
1321	36.7849349873
1322	36.7541473621
1323	36.7557913615
1324	36.7743237184
1325	36.7520549993
1326	36.7853833508
1327	36.8019727993
1328	36.7832909879
1329	36.7852338963
1330	36.7998804364
1331	36.7879240771
1332	36.8055597071
1333	36.8078015244
1334	36.7643102675
1335	36.7668509939
1336	36.7747720819
1337	36.7444328202
1338	36.7574353609
1339	36.7847855328
1340	36.7447317292
1341	36.7643102675
1342	36.7877746226
1343	36.7592288148
1344	36.7885218951
1345	36.7825437154
1346	36.756538634
1347	36.7604244508
1348	36.7504109999
1349	36.6984008369
1350	36.7042295621
1351	36.7133462861
1352	36.6755342998
1353	36.6758332088
1354	36.6852488417
1355	36.6383201315
1356	36.6338364968
1357	36.6124645046
1358	36.5704677926
1359	36.5641907039
1360	36.5713645195
1361	36.5552234345
1362	36.553878344
1363	36.5426692572
1364	36.5047078165
1365	36.4964878195
1366	36.4894634584
1367	36.4749663727
1368	36.4751158272
1369	36.4601703781
1370	36.4089074877
1371	36.4107009416
1372	36.4078613062
1373	36.3817067703
1374	36.3938125841
1375	36.3876849499
1376	36.3672096847
1377	36.3721416829
1378	36.3758780451
1379	36.3586907787
1380	36.377671499
1381	36.370348229
1382	36.335674787
1383	36.3639216858
1384	36.3712449559
1385	36.3287998804
1386	36.3343296966
1387	36.3349275146
1388	36.293678075
1389	36.3038409804
1390	36.311313705
1391	36.2682708115
1392	36.2651322672
1393	36.2630399043
1394	36.2412195486
1395	36.2594529966
1396	36.2760424451
1397	36.2612464505
1398	36.2560155433
1399	36.2416679121
1400	36.210282469
1401	36.1908533851
1402	36.1763562995
1403	36.142729039
1404	36.1461664923
1405	36.143625766
1406	36.1041697803
1407	36.1309221342
1408	36.1490061276
1409	36.1197130474
1410	36.1360035869
1411	36.1485577642
1412	36.1053654162
1413	36.1158272306
1414	36.1280824989
1415	36.100134509
1416	36.118069048
1417	36.125990136
1418	36.0956508743
1419	36.1061126887
1420	36.1104468689
1421	36.0926617845
1422	36.1244955911
1423	36.1431774025
1424	36.1062621432
1425	36.1227021372
1426	36.1221043192
1427	36.0980421462
1428	36.1031235989
1429	36.1218054103
1430	36.1274846809
1431	36.1267374085
1432	36.1330144971
1433	36.1204603198
1434	36.1212075923
1435	36.1246450456
1436	36.1131370498
1437	36.1237483186
1438	36.1244955911
1439	36.1053654162
1440	36.116873412
1441	36.1280824989
1442	36.126886863
1443	36.1513973995
1444	36.1466148558
1445	36.1321177701
1446	36.1554326708
1447	36.1669406666
1448	36.1561799432
1449	36.1690330294
1450	36.1956359289
1451	36.177103572
1452	36.1927962935
1453	36.193543566
1454	36.1788970259
1455	36.1998206546
1456	36.2256762816
1457	36.2087879241
1458	36.2246301001
1459	36.2367359139
1460	36.2283664624
1461	36.2386788223
1462	36.2394260948
1463	36.2019130175
1464	36.2131221043
1465	36.227320281
1466	36.1983261097
1467	36.2137199223
1468	36.1998206546
1469	36.1799432073
1470	36.1968315648
1471	36.2246301001
1472	36.2029591989
1473	36.201165745
1474	36.2250784636
1475	36.2029591989
1476	36.226722463
1477	36.2329995516
1478	36.2211926468
1479	36.2347930055
1480	36.2397250037
1481	36.2243311912
1482	36.2368853684
1483	36.2506351816
1484	36.2140188313
1485	36.2376326409
1486	36.2557166343
1487	36.2228366462
1488	36.2292631894
1489	36.2069944702
1490	36.1769541175
1491	36.1896577492
1492	36.1874159318
1493	36.1724704827
1494	36.1887610223
1495	36.1908533851
1496	36.1714243013
1497	36.1805410253
1498	36.1993722911
1499	36.1902555672
1500	36.1887610223
1501	36.1971304738
1502	36.1732177552
1503	36.1663428486
1504	36.1933941115
1505	36.1809893887
1506	36.1842773875
1507	36.1820355702
1508	36.1696308474
1509	36.1727693917
1510	36.1732177552
1511	36.1548348528
1512	36.1660439396
1513	36.1690330294
1514	36.134210133
1515	36.1189657749
1516	36.1149305037
1517	36.0938574204
1518	36.0996861456
1519	36.0886265132
1520	36.0693468839
1521	36.100433418
1522	36.100732327
1523	36.0494694366
1524	36.0638170677
1525	36.0497683455
1526	36.0228665371
1527	36.0385592587
1528	36.0406516216
1529	36.0035869078
1530	36.0124047228
1531	36.0107607234
1532	35.9714541922
1533	35.9591989239
1534	35.9575549245
1535	35.9357345688
1536	35.9436556569
1537	35.9469436557
1538	35.9100283964
1539	35.9158571215
1540	35.9073382155
1541	35.8965774922
1542	35.8959796742
1543	35.8861156778
1544	35.8647436855
1545	35.873412046
1546	35.8844716784
1547	35.8581676879
1548	35.8786429532
1549	35.8565236885
1550	35.8288746077
1551	35.8137797041
1552	35.8169182484
1553	35.7922582574
1554	35.7801524436
1555	35.7816469885
1556	35.7350171873
1557	35.7447317292
1558	35.7418920939
1559	35.7124495591
1560	35.7320280974
1561	35.7285906441
1562	35.7294873711
1563	35.7411448214
1564	35.7548946346
1565	35.7264982813
1566	35.7327753699
1567	35.7324764609
1568	35.6979524735
1569	35.7025855627
1570	35.7075175609
1571	35.6581975788
1572	35.6649230309
1573	35.6828575699
1574	35.6649230309
1575	35.6924226573
1576	35.6945150202
1577	35.6717979375
1578	35.6779255717
1579	35.6659692124
1580	35.6550590345
1581	35.6537139441
1582	35.6513226722
1583	35.6396652219
1584	35.6532655806
1585	35.6605888507
1586	35.6321924974
1587	35.6410103124
1588	35.6668659393
1589	35.672844119
1590	35.6786728441
1591	35.6928710208
1592	35.6773277537
1593	35.6689583022
1594	35.6435510387
1595	35.621431774
1596	35.6408608579
1597	35.6414586758
1598	35.6303990435
1599	35.6374234046
1600	35.6274099537
1601	35.6026005081
1602	35.595875056
1603	35.6024510537
1604	35.5774921536
1605	35.6072335974
1606	35.6199372291
1607	35.6145568674
1608	35.6182932297
1609	35.62995068
1610	35.6205350471
1611	35.6441488567
1612	35.6550590345
1613	35.6441488567
1614	35.6523688537
1615	35.67254521
1616	35.6502764908
1617	35.6508743088
1618	35.6602899417
1619	35.6453444926
1620	35.6571513974
1621	35.6586459423
1622	35.6613361232
1623	35.664624122
1624	35.6806157525
1625	35.6655208489
1626	35.689881931
1627	35.7288895531
1628	35.705126289
1629	35.7291884621
1630	35.7408459124
1631	35.7418920939
1632	35.7710357196
1633	35.7605739052
1634	35.7417426394
1635	35.7629651771
1636	35.7634135406
1637	35.7287400986
1638	35.7548946346
1639	35.7680466298
1640	35.7557913615
1641	35.7831415334
1642	35.7912120759
1643	35.7655059035
1644	35.7910626214
1645	35.8010760723
1646	35.7680466298
1647	35.7940517113
1648	35.7946495292
1649	35.7946495292
1650	35.8089971604
1651	35.7994320729
1652	35.7994320729
1653	35.8118367957
1654	35.8257360634
1655	35.7983858915
1656	35.8048124346
1657	35.8127335226
1658	35.7883724406
1659	35.8024211628
1660	35.8193095203
1661	35.7861306232
1662	35.7846360783
1663	35.7922582574
1664	35.7409953669
1665	35.7563891795
1666	35.7783589897
1667	35.7652069945
1668	35.7788073532
1669	35.77238081
1670	35.7574353609
1671	35.756837543
1672	35.781198625
1673	35.7595277238
1674	35.7547451801
1675	35.781198625
1676	35.7596771783
1677	35.7797040801
1678	35.7768644448
1679	35.7544462711
1680	35.7534000897
1681	35.7563891795
1682	35.730384098
1683	35.7403975489
1684	35.7472724555
1685	35.7197728292
1686	35.7229113735
1687	35.7266477358
1688	35.7004931998
1689	35.7094604693
1690	35.72246301
1691	35.6991481094
1692	35.7085637423
1693	35.7297862801
1694	35.7121506501
1695	35.7006426543
1696	35.7179793753
1697	35.7037811986
1698	35.7048273801
1699	35.6933193842
1700	35.6522193992
1701	35.6655208489
1702	35.6487819459
1703	35.6317441339
1704	35.6154535944
1705	35.5904946944
1706	35.5728590644
1707	35.6073830519
1708	35.6026005081
1709	35.5892990584
1710	35.6145568674
1711	35.6067852339
1712	35.5792856075
1713	35.5764459722
1714	35.571812883
1715	35.5464056195
1716	35.5595576147
1717	35.5564190704
1718	35.5365416231
1719	35.5562696159
1720	35.5443132566
1721	35.5299656255
1722	35.5375878045
1723	35.5347481692
1724	35.5316096249
1725	35.5360932596
1726	35.5431176207
1727	35.5201016291
1728	35.5519354357
1729	35.5764459722
1730	35.5661336123
1731	35.5912419668
1732	35.5993125093
1733	35.5813779704
1734	35.6012554177
1735	35.6130623225
1736	35.5990136004
1737	35.6250186818
1738	35.6179943207
1739	35.5945299656
1740	35.6163503213
1741	35.6272604992
1742	35.6078314153
1743	35.6275594082
1744	35.647885219
1745	35.613510686
1746	35.6422059483
1747	35.6649230309
1748	35.6392168585
1749	35.6607383052
1750	35.6562546705
1751	35.6377223136
1752	35.6589448513
1753	35.6821102974
1754	35.6831564789
1755	35.7037811986
1756	35.7115528322
1757	35.6777761172
1758	35.6966073831
1759	35.7137946495
1760	35.7010910178
1761	35.7061724705
1762	35.7229113735
1763	35.6943655657
1764	35.7061724705
1765	35.7019877447
1766	35.6822597519
1767	35.7081153789
1768	35.7291884621
1769	35.697803019
1770	35.7018382902
1771	35.7024361082
1772	35.6924226573
1773	35.7105066507
1774	35.7200717382
1775	35.7196233747
1776	35.7245553729
1777	35.7383051861
1778	35.7360633687
1779	35.7646091765
1780	35.7522044537
1781	35.7190255567
1782	35.7300851891
1783	35.7342699148
1784	35.7215662831
1785	35.7348677328
1786	35.7362128232
1787	35.7209684651
1788	35.7417426394
1789	35.7456284561
1790	35.7354655507
1791	35.7396502765
1792	35.756538634
1793	35.7534000897
1794	35.7702884472
1795	35.7662531759
1796	35.7514571813
1797	35.7674488118
1798	35.7720819011
1799	35.7305335525
1800	35.7426393663
1801	35.74009864
1802	35.7299357346
1803	35.7317291885
1804	35.7317291885
1805	35.7149902855
1806	35.7185771932
1807	35.7176804663
1808	35.6848004783
1809	35.6809146615
1810	35.6867433866
1811	35.6644746675
1812	35.6737408459
1813	35.6740397549
1814	35.646689583
1815	35.6692572112
1816	35.6680615753
1817	35.6432521297
1818	35.6553579435
1819	35.6529666716
1820	35.6287550441
1821	35.6526677627
1822	35.6523688537
1823	35.6501270363
1824	35.6635779405
1825	35.6827081154
1826	35.6422059483
1827	35.6434015842
1828	35.6457928561
1829	35.6362277686
1830	35.655806307
1831	35.6511732178
1832	35.6284561351
1833	35.6323419519
1834	35.637871768
1835	35.6082797788
1836	35.6266626812
1837	35.6256164998
1838	35.6241219549
1839	35.639366313
1840	35.629651771
1841	35.6073830519
1842	35.6287550441
1843	35.6191899567
1844	35.6099237782
1845	35.6133612315
1846	35.6023015992
1847	35.5949783291
1848	35.6127634135
1849	35.6339859513
1850	35.6114183231
1851	35.6200866836
1852	35.6114183231
1853	35.5957256016
1854	35.6176954117
1855	35.613211777
1856	35.6042445075
1857	35.6242714094
1858	35.62995068
1859	35.6150052309
1860	35.613809595
1861	35.6075325064
1862	35.6027499626
1863	35.6079808698
1864	35.6105215962
1865	35.5652368854
1866	35.5631445225
1867	35.5317590794
1868	35.5223434464
1869	35.5323568973
1870	35.5338514422
1871	35.5154685398
1872	35.5247347183
1873	35.5414736213
1874	35.5344492602
1875	35.521297265
1876	35.5230907189
1877	35.5035121805
1878	35.5018681811
1879	35.5139739949
1880	35.4772081901
1881	35.4931998207
1882	35.5087430877
1883	35.4912569123
1884	35.5177103572
1885	35.521297265
1886	35.511881632
1887	35.5227918099
1888	35.5443132566
1889	35.5063518159
1890	35.5174114482
1891	35.5422208937
1892	35.5217456285
1893	35.5458078015
1894	35.5305634434
1895	35.513077268
1896	35.5262292632
1897	35.5354954416
1898	35.4937976386
1899	35.5165147213
1900	35.5263787177
1901	35.5178598117
1902	35.528919444
1903	35.5410252578
1904	35.5435659842
1905	35.5416230758
1906	35.5595576147
1907	35.5481990734
1908	35.5582125243
1909	35.5607532506
1910	35.5565685249
1911	35.5592587057
1912	35.5631445225
1913	35.5558212524
1914	35.5761470632
1915	35.5730085189
1916	35.5719623375
1917	35.596771783
1918	35.604692871
1919	35.6087281423
1920	35.6114183231
1921	35.6269615902
1922	35.5988641459
1923	35.6191899567
1924	35.6247197728
1925	35.6175459573
1926	35.6269615902
1927	35.6181437752
1928	35.6082797788
1929	35.6103721417
1930	35.5991630548
1931	35.6037961441
1932	35.6301001345
1933	35.6501270363
1934	35.6374234046
1935	35.630548498
1936	35.6574503064
1937	35.6546106711
1938	35.681064116
1939	35.6877895681
1940	35.6998953819
1941	35.7143924675
1942	35.7178299208
1943	35.7187266477
1944	35.7149902855
1945	35.7226124645
1946	35.7120011956
1947	35.7244059184
1948	35.7381557316
1949	35.7381557316
1950	35.7516066358
1951	35.7771633538
1952	35.7632640861
1953	35.7955462562
1954	35.7940517113
1955	35.7862800777
1956	35.8179644298
1957	35.8291735167
1958	35.8245404274
1959	35.8221491556
1960	35.8243909729
1961	35.7901658945
1962	35.8172171574
1963	35.8338066059
1964	35.7942011657
1965	35.8098938873
1966	35.8043640711
1967	35.8043640711
1968	35.8179644298
1969	35.8137797041
1970	35.8018233448
1971	35.8173666119
1972	35.8188611568
1973	35.7989837095
1974	35.798535346
1975	35.7921088029
1976	35.7795546256
1977	35.7822448065
1978	35.7955462562
1979	35.7822448065
1980	35.8060080705
1981	35.8095949783
1982	35.7788073532
1983	35.781497534
1984	35.7888208041
1985	35.765356449
1986	35.7617695412
1987	35.7581826334
1988	35.7501120909
1989	35.7481691825
1990	35.7369600957
1991	35.7282917352
1992	35.7414437304
1993	35.7554924525
1994	35.7275444627
1995	35.7365117322
1996	35.7327753699
1997	35.7191750112
1998	35.7134957405
1999	35.7130473771
2000	35.7103571962
