-2000	15.328351517
-1990	15.2847108056
-1980	15.2338962786
-1970	15.2119264684
-1960	15.1954864744
-1950	15.185622478
-1940	15.2213421013
-1930	15.2279180989
-1920	15.3177402481
-1910	15.3453893289
-1900	15.3557016888
-1890	15.4292332985
-1880	15.4214616649
-1870	15.4223583919
-1860	15.4259452997
-1850	15.3431475116
-1840	15.2845613511
-1830	15.2699148109
-1820	15.1948886564
-1810	15.1808399342
-1800	15.185323569
-1790	15.2186519205
-1780	15.3042893439
-1770	15.3875354954
-1760	15.4251980272
-1750	15.5132267225
-1740	15.5804812435
-1730	15.6153041399
-1720	15.6937677477
-1710	15.6830070244
-1700	15.6078314153
-1690	15.5773426991
-1680	15.5248841728
-1670	15.4535943805
-1660	15.4189209386
-1650	15.2926318936
-1640	15.2247795546
-1630	15.2310566433
-1620	15.2636377223
-1610	15.2879988044
-1600	15.3305933343
-1590	15.4089074877
-1580	15.495740547
-1570	15.5776416081
-1560	15.5985652369
-1550	15.5840681512
-1540	15.5609027051
-1530	15.4894634584
-1520	15.3997907637
-1510	15.3252129726
-1500	15.2657300852
-1490	15.2413690031
-1480	15.1977282917
-1470	15.1639515767
-1460	15.1951875654
-1450	15.2477955463
-1440	15.269018084
-1430	15.3265580631
-1420	15.335375878
-1410	15.4172769392
-1400	15.5094903602
-1390	15.5991630548
-1380	15.6450455836
-1370	15.6593932148
-1360	15.7025855627
-1350	15.7199222837
-1340	15.7061724705
-1330	15.6429532207
-1320	15.6501270363
-1310	15.6531161261
-1300	15.6930204753
-1290	15.7320280974
-1280	15.7741742639
-1270	15.7859811687
-1260	15.8329098789
-1250	15.7962935286
-1240	15.7520549993
-1230	15.688686295
-1220	15.5692721566
-1210	15.4546405619
-1200	15.4232551188
-1190	15.3431475116
-1180	15.3228217008
-1170	15.3220744283
-1160	15.3440442385
-1150	15.4268420266
-1140	15.4976834554
-1130	15.580331789
-1120	15.655208489
-1110	15.7547451801
-1100	15.8236437005
-1090	15.908085488
-1080	15.9201913017
-1070	15.8714691376
-1060	15.8350022418
-1050	15.8517411448
-1040	15.8109400687
-1030	15.7383051861
-1020	15.7022866537
-1010	15.6480346734
-1000	15.6175459573
-990	15.5925870572
-980	15.5489463458
-970	15.5006725452
-960	15.5169630847
-950	15.5340008967
-940	15.5801823345
-930	15.6803168435
-920	15.7586309969
-910	15.8767000448
-900	15.9506800179
-890	15.9905843671
-880	16.0191301749
-870	16.0103123599
-860	15.9390225676
-850	15.8681811388
-840	15.7538484531
-830	15.681064116
-820	15.6353310417
-810	15.5619488866
-800	15.4845314602
-790	15.5281721716
-780	15.5937826932
-770	15.6762815723
-760	15.7387535495
-750	15.7998804364
-740	15.9342400239
-730	16.0461814378
-720	16.100433418
-710	16.1475115827
-700	16.1705275744
-690	16.1939919295
-680	16.1869675684
-670	16.1280824989
-660	16.0813032432
-650	16.0137498132
-640	16.025855627
-630	15.9654760126
-620	15.9896876401
-610	16.0650127036
-600	16.1469137648
-590	16.2241817367
-580	16.3166940667
-570	16.335375878
-560	16.427888208
-550	16.4645045584
-540	16.4979823644
-530	16.537139441
-520	16.571215065
-510	16.5543267075
-500	16.5728590644
-490	16.5574652518
-480	16.5192049021
-470	16.4824390973
-460	16.4562845614
-450	16.5051561799
-440	16.5849648782
-430	16.722164101
-420	16.8305186071
-410	16.999402182
-400	17.1285308624
-390	17.2787326259
-380	17.3501718727
-370	17.4510536542
-360	17.4344642056
-350	17.4204154835
-340	17.4027798535
-330	17.3906740398
-320	17.3335824242
-310	17.3279031535
-300	17.3204304289
-290	17.3114631595
-280	17.4011358541
-270	17.496637274
-260	17.5579136153
-250	17.6395157674
-240	17.7296368256
-230	17.8012255268
-220	17.9297563892
-210	18.0503661635
-200	18.1141832312
-190	18.1960842923
-180	18.2676729936
-170	18.2446570019
-160	18.2170079211
-150	18.2448064564
-140	18.3065311613
-130	18.4640561949
-120	18.6454939471
-110	19.143625766
-100	19.4129427589
-90	19.6431026752
-80	19.6779255717
-70	19.4700343745
-60	18.9878941862
-50	18.2920340756
-40	17.2034075624
-30	15.9771334629
-20	14.7276939172
-10	13.4988790913
0	12.3743835002
10	11.3213271559
20	10.4181736661
30	9.64549394709
40	9.18980720371
50	8.89881930952
60	8.78239426095
70	8.78642953221
80	8.92228366462
90	9.15887012405
100	9.47033328352
110	9.69182483934
120	9.92736511732
130	10.2343446421
140	10.5562696159
150	10.8459124197
160	11.176505754
170	11.5683754297
180	11.9675683754
190	12.3684053206
200	12.7270960992
210	13.1352563145
220	13.496637274
230	13.8584665969
240	14.0868330593
250	14.2685697205
260	14.4491107458
270	14.5181587207
280	14.5012703632
290	14.4987296368
300	14.461366014
310	14.4509041997
320	14.4356598416
330	14.4703332835
340	14.5558212524
350	14.7061724705
360	14.840830967
370	14.9707069197
380	15.1144821402
390	15.2815722612
400	15.3701987745
410	15.4673441937
420	15.5253325362
430	15.5247347183
440	15.4645045584
450	15.4302794799
460	15.385891496
470	15.3988940368
480	15.4051711254
490	15.4156329398
500	15.4447765655
510	15.5224929009
520	15.6274099537
530	15.698101928
540	15.7898669855
550	15.8662382305
560	15.9004633089
570	15.8801374981
580	15.8442684203
590	15.7563891795
600	15.6924226573
610	15.5517859812
620	15.4389478404
630	15.3549544164
640	15.2887460768
650	15.2300104618
660	15.184426842
670	15.1513973995
680	15.1234494097
690	15.1219548647
700	15.1274846809
710	15.1159766851
720	15.1777013899
730	15.2332984606
740	15.2461515469
750	15.2742489912
760	15.209385742
770	15.1542370348
780	15.1230010462
790	15.0875803318
800	15.0551487072
810	15.0152443581
820	15.0020923629
830	14.9898370946
840	15.0185323569
850	14.9946196383
860	14.9675683754
870	14.8674338664
880	14.8345538783
890	14.8509938724
900	14.8379913316
910	14.8363473322
920	14.814676431
930	14.7475713645
940	14.7882229861
950	14.7719324466
960	14.7253026453
970	14.7522044537
980	14.8211029741
990	14.9121207592
1000	14.9847556419
