-2000	15.0874308773
-1999	15.0881781498
-1998	15.0819010611
-1997	15.0659094306
-1996	15.0552981617
-1995	15.0357196234
-1994	15.0363174413
-1993	15.0336272605
-1992	15.0381108952
-1991	15.0360185324
-1990	15.0381108952
-1989	15.033477806
-1988	15.0372141683
-1987	15.033178897
-1986	15.041398894
-1985	15.0402032581
-1984	15.0434912569
-1983	15.0412494395
-1982	15.0509639815
-1981	15.0536541623
-1980	15.0594828875
-1979	15.050216709
-1978	15.0460319833
-1977	15.0409505306
-1976	15.0427439845
-1975	15.0396054401
-1974	15.0370647138
-1973	15.0283963533
-1972	15.0324316246
-1971	15.0358690779
-1970	15.0412494395
-1969	15.0339261695
-1968	15.032879988
-1967	15.0424450755
-1966	15.0487221641
-1965	15.0376625318
-1964	15.0384098042
-1963	15.0379614407
-1962	15.0491705276
-1961	15.0518607084
-1960	15.0572410701
-1959	15.0517112539
-1958	15.0557465252
-1957	15.0648632491
-1956	15.0712897923
-1955	15.0690479749
-1954	15.0709908833
-1953	15.0820505156
-1952	15.0869825138
-1951	15.0860857869
-1950	15.0926617845
-1949	15.0962486923
-1948	15.1049170528
-1947	15.1158272306
-1946	15.1204603198
-1945	15.1369003139
-1944	15.1470632192
-1943	15.1567777612
-1942	15.1585712151
-1941	15.1675384845
-1940	15.1872664774
-1939	15.2037064714
-1938	15.2249290091
-1937	15.2344940965
-1936	15.2422657301
-1935	15.243760275
-1934	15.261096996
-1933	15.2643849948
-1932	15.2897922583
-1931	15.2885966223
-1930	15.3051860708
-1929	15.3004035271
-1928	15.3090718876
-1927	15.3202809744
-1926	15.3341802421
-1925	15.3391122403
-1924	15.3558511433
-1923	15.3630249589
-1922	15.3840980421
-1921	15.3902256763
-1920	15.3924674936
-1919	15.3917202212
-1918	15.403228217
-1917	15.4072634883
-1916	15.4066656703
-1915	15.4147362128
-1914	15.41996712
-1913	15.4314751158
-1912	15.4437303841
-1911	15.4544911075
-1910	15.4513525631
-1909	15.4541921985
-1908	15.462860559
-1907	15.4718278284
-1906	15.4822896428
-1905	15.4948438201
-1904	15.5079958153
-1903	15.5117321776
-1902	15.5233896279
-1901	15.5283216261
-1900	15.5354954416
-1899	15.5332536243
-1898	15.5390823494
-1897	15.5405768943
-1896	15.5507397997
-1895	15.5525332536
-1894	15.5559707069
-1893	15.5501419818
-1892	15.5514870722
-1891	15.5537288896
-1890	15.5556717979
-1889	15.5528321626
-1888	15.5535794351
-1887	15.5588103423
-1886	15.5768943357
-1885	15.5795845165
-1884	15.5768943357
-1883	15.5768943357
-1882	15.5822746974
-1881	15.5895979674
-1880	15.596771783
-1879	15.595875056
-1878	15.6030488716
-1877	15.5988641459
-1876	15.6048423255
-1875	15.5987146914
-1874	15.5949783291
-1873	15.6037961441
-1872	15.5940816022
-1871	15.5851143327
-1870	15.5748019728
-1869	15.5792856075
-1868	15.5768943357
-1867	15.5603048872
-1866	15.5486474369
-1865	15.5274248991
-1864	15.5199521746
-1863	15.5236885368
-1862	15.5310118069
-1861	15.5247347183
-1860	15.5256314452
-1859	15.5072485428
-1858	15.4900612763
-1857	15.4770587356
-1856	15.4682409206
-1855	15.4674936482
-1854	15.4695860111
-1853	15.4594231057
-1852	15.4541921985
-1851	15.437303841
-1850	15.4341652967
-1849	15.4262442086
-1848	15.4240023913
-1847	15.4163802122
-1846	15.4153340308
-1845	15.4024809446
-1844	15.3988940368
-1843	15.3969511284
-1842	15.394410402
-1841	15.3836496787
-1840	15.3748318637
-1839	15.3685547751
-1838	15.353609326
-1837	15.3552533254
-1836	15.3449409655
-1835	15.3350769691
-1834	15.3267075176
-1833	15.3214766104
-1832	15.3057838888
-1831	15.2959198924
-1830	15.2896428038
-1829	15.2748468091
-1828	15.269615902
-1827	15.2633388133
-1826	15.2618442684
-1825	15.2560155433
-1824	15.2558660888
-1823	15.2418173666
-1822	15.2418173666
-1821	15.2394260948
-1820	15.2480944552
-1819	15.2507846361
-1818	15.2593035421
-1817	15.2582573606
-1816	15.2639366313
-1815	15.2631893588
-1814	15.2618442684
-1813	15.2512329996
-1812	15.2521297265
-1811	15.251382454
-1810	15.2497384546
-1809	15.2585562696
-1808	15.2534748169
-1807	15.244059184
-1806	15.2446570019
-1805	15.2394260948
-1804	15.2463010013
-1803	15.2359886415
-1802	15.2300104618
-1801	15.2282170079
-1800	15.2180541025
-1799	15.2229861007
-1798	15.2229861007
-1797	15.2285159169
-1796	15.2243311912
-1795	15.2325511882
-1794	15.23494246
-1793	15.2410700942
-1792	15.2494395457
-1791	15.2425646391
-1790	15.235540278
-1789	15.22761919
-1788	15.2303093708
-1787	15.2316544612
-1786	15.2489911822
-1785	15.2740995367
-1784	15.2874009864
-1783	15.3008518906
-1782	15.2989089822
-1781	15.3015991631
-1780	15.3074278882
-1779	15.3225227918
-1778	15.3246151547
-1777	15.3276042445
-1776	15.3373187864
-1775	15.3373187864
-1774	15.3479300553
-1773	15.3679569571
-1772	15.3800627709
-1771	15.3770736811
-1770	15.3808100433
-1769	15.3839485877
-1768	15.3976984008
-1767	15.4000896727
-1766	15.4090569422
-1765	15.4207143925
-1764	15.4304289344
-1763	15.4335674787
-1762	15.4435809296
-1761	15.4489612913
-1760	15.4426842027
-1759	15.4520998356
-1758	15.4571812883
-1757	15.4624121955
-1756	15.4734718278
-1755	15.4918547302
-1754	15.5021670901
-1753	15.5115827231
-1752	15.5147212674
-1751	15.5181587207
-1750	15.5331041698
-1749	15.5360932596
-1748	15.5411747123
-1747	15.5368405321
-1746	15.5441638021
-1745	15.5440143476
-1744	15.5479001644
-1743	15.5507397997
-1742	15.5535794351
-1741	15.5562696159
-1740	15.554177253
-1739	15.5499925273
-1738	15.5508892542
-1737	15.5568674339
-1736	15.5498430728
-1735	15.5441638021
-1734	15.555372889
-1733	15.5601554327
-1732	15.5774921536
-1731	15.58003288
-1730	15.579435062
-1729	15.5895979674
-1728	15.596173965
-1727	15.6036466896
-1726	15.6026005081
-1725	15.6073830519
-1724	15.6072335974
-1723	15.6150052309
-1722	15.6205350471
-1721	15.6278583171
-1720	15.6318935884
-1719	15.6335375878
-1718	15.6423554028
-1717	15.6487819459
-1716	15.65490958
-1715	15.6538633986
-1714	15.6513226722
-1713	15.6439994022
-1712	15.6354804962
-1711	15.6356299507
-1710	15.6314452249
-1709	15.6321924974
-1708	15.6257659543
-1707	15.6202361381
-1706	15.6188910477
-1705	15.6185921387
-1704	15.6148557764
-1703	15.6106710507
-1702	15.6163503213
-1701	15.6081303243
-1700	15.5945299656
-1699	15.5922881483
-1698	15.6018532357
-1697	15.605589598
-1696	15.6063368704
-1695	15.6024510537
-1694	15.6005081453
-1693	15.5942310566
-1692	15.5942310566
-1691	15.5939321477
-1690	15.6034972351
-1689	15.6082797788
-1688	15.6048423255
-1687	15.6114183231
-1686	15.6096248692
-1685	15.6085786878
-1684	15.6154535944
-1683	15.6275594082
-1682	15.6247197728
-1681	15.62262741
-1680	15.622328501
-1679	15.6256164998
-1678	15.6275594082
-1677	15.6278583171
-1676	15.6333881333
-1675	15.6312957704
-1674	15.6410103124
-1673	15.6371244956
-1672	15.6350321327
-1671	15.6368255866
-1670	15.6435510387
-1669	15.6450455836
-1668	15.6432521297
-1667	15.6402630399
-1666	15.6445972201
-1665	15.6559557615
-1664	15.6599910327
-1663	15.6614855776
-1662	15.6698550291
-1661	15.6544612166
-1660	15.6487819459
-1659	15.6324914064
-1658	15.6206845016
-1657	15.6250186818
-1656	15.6166492303
-1655	15.6184426842
-1654	15.6193394111
-1653	15.6254670453
-1652	15.62262741
-1651	15.6156030489
-1650	15.604692871
-1649	15.5867583321
-1648	15.579435062
-1647	15.5777910626
-1646	15.5764459722
-1645	15.5730085189
-1644	15.5789866986
-1643	15.5813779704
-1642	15.5907936033
-1641	15.5936332387
-1640	15.5966223285
-1639	15.6037961441
-1638	15.6021521447
-1637	15.6106710507
-1636	15.6185921387
-1635	15.6260648632
-1634	15.6271110447
-1633	15.630847407
-1632	15.6380212225
-1631	15.6487819459
-1630	15.6431026752
-1629	15.6447466746
-1628	15.6492303094
-1627	15.6538633986
-1626	15.6511732178
-1625	15.6445972201
-1624	15.6417575848
-1623	15.6362277686
-1622	15.6339859513
-1621	15.6444477657
-1620	15.6460917651
-1619	15.6474368555
-1618	15.6426543118
-1617	15.6363772231
-1616	15.6287550441
-1615	15.6339859513
-1614	15.6321924974
-1613	15.6265132267
-1612	15.6380212225
-1611	15.6351815872
-1610	15.6229263189
-1609	15.6130623225
-1608	15.6064863249
-1607	15.6000597818
-1606	15.5900463309
-1605	15.5869077866
-1604	15.5924376027
-1603	15.5860110596
-1602	15.5918397848
-1601	15.5915408758
-1600	15.5925870572
-1599	15.5930354207
-1598	15.5931848752
-1597	15.5767448812
-1596	15.570617247
-1595	15.5840681512
-1594	15.5966223285
-1593	15.5915408758
-1592	15.588850695
-1591	15.5830219698
-1590	15.5873561501
-1589	15.5822746974
-1588	15.6054401435
-1587	15.6039455986
-1586	15.6148557764
-1585	15.6244208638
-1584	15.6312957704
-1583	15.6357794052
-1582	15.6342848603
-1581	15.6303990435
-1580	15.6167986848
-1579	15.6247197728
-1578	15.6295023165
-1577	15.6425048573
-1576	15.65490958
-1575	15.6668659393
-1574	15.6625317591
-1573	15.6647735764
-1572	15.6683604842
-1571	15.664624122
-1570	15.6668659393
-1569	15.6616350321
-1568	15.6601404872
-1567	15.6649230309
-1566	15.6632790315
-1565	15.6713495741
-1564	15.6641757585
-1563	15.6662681214
-1562	15.655507398
-1561	15.6501270363
-1560	15.638170677
-1559	15.6338364968
-1558	15.6347332237
-1557	15.6371244956
-1556	15.6284561351
-1555	15.6414586758
-1554	15.647287401
-1553	15.64758631
-1552	15.6608877597
-1551	15.6658197579
-1550	15.6746375729
-1549	15.6767299357
-1548	15.6741892094
-1547	15.6783739351
-1546	15.6786728441
-1545	15.680765207
-1544	15.6821102974
-1543	15.6921237483
-1542	15.6876401136
-1541	15.6904797489
-1540	15.7097593783
-1539	15.7112539232
-1538	15.7160364669
-1537	15.7169331938
-1536	15.7206695561
-1535	15.730981916
-1534	15.7460768196
-1533	15.7617695412
-1532	15.7743237184
-1531	15.7717829921
-1530	15.7859811687
-1529	15.7886713496
-1528	15.7925571663
-1527	15.8043640711
-1526	15.8106411598
-1525	15.8200567927
-1524	15.8375429682
-1523	15.8478553281
-1522	15.8556269616
-1521	15.8683305933
-1520	15.8862651323
-1519	15.8883574951
-1518	15.9089822149
-1517	15.9067403975
-1516	15.9370796592
-1515	15.9358840233
-1514	15.9524734718
-1513	15.957704379
-1512	15.9575549245
-1511	15.9581527425
-1510	15.9732476461
-1509	15.9884920042
-1508	16.0025407263
-1507	16.016738903
-1506	16.0266028994
-1505	16.0490210731
-1504	16.0582872515
-1503	16.0606785234
-1502	16.0564937976
-1501	16.0709908833
-1500	16.0805559707
-1499	16.100732327
-1498	16.1080555971
-1497	16.1185174114
-1496	16.1294275893
-1495	16.1349574055
-1494	16.1476610372
-1493	16.1575250336
-1492	16.1627559408
-1491	16.1868181139
-1490	16.1875653863
-1489	16.2037064714
-1488	16.2114781049
-1487	16.2340457331
-1486	16.25257809
-1485	16.2630399043
-1484	16.2767897175
-1483	16.2984606187
-1482	16.2992078912
-1481	16.3041398894
-1480	16.3168435211
-1479	16.3184875205
-1478	16.3332835152
-1477	16.336272605
-1476	16.3515169631
-1475	16.3589896876
-1474	16.369750411
-1473	16.3790165894
-1472	16.3917202212
-1471	16.3893289493
-1470	16.3990434913
-1469	16.4084591242
-1468	16.4304289344
-1467	16.437004932
-1466	16.4435809296
-1465	16.4512031087
-1464	16.4692871021
-1463	16.4831863698
-1462	16.4848303692
-1461	16.4778060081
-1460	16.4730234644
-1459	16.4692871021
-1458	16.4691376476
-1457	16.4749663727
-1456	16.4849798236
-1455	16.4942460021
-1454	16.4936481841
-1453	16.5005230907
-1452	16.504259453
-1451	16.4981318189
-1450	16.5075474518
-1449	16.5006725452
-1448	16.4929009117
-1447	16.4888656404
-1446	16.4845314602
-1445	16.4815423703
-1444	16.4861754596
-1443	16.4688387386
-1442	16.4634583769
-1441	16.4621132865
-1440	16.4574801973
-1439	16.4618143775
-1438	16.4592736512
-1437	16.4518009266
-1436	16.4350620236
-1435	16.4299805709
-1434	16.4274398446
-1433	16.4271409356
-1432	16.4072634883
-1431	16.3930653116
-1430	16.3933642206
-1429	16.3906740398
-1428	16.3926169481
-1427	16.3876849499
-1426	16.3739351368
-1425	16.3681064116
-1424	16.361530414
-1423	16.3549544164
-1422	16.3548049619
-1421	16.3498729637
-1420	16.3452398745
-1419	16.3434464206
-1418	16.32745479
-1417	16.3329846062
-1416	16.3328351517
-1415	16.3349275146
-1414	16.3141533403
-1413	16.2972649828
-1412	16.2848602601
-1411	16.2842624421
-1410	16.2752951726
-1409	16.2751457181
-1408	16.2808249888
-1407	16.27753699
-1406	16.2726049918
-1405	16.2543715439
-1404	16.2482439097
-1403	16.2321028247
-1402	16.2232850097
-1401	16.1995217456
-1400	16.1887610223
-1399	16.1711253923
-1398	16.1784486624
-1397	16.1715737558
-1396	16.1735166642
-1395	16.158870124
-1394	16.1499028546
-1393	16.1415334031
-1392	16.1232999552
-1391	16.1134359588
-1390	16.1053654162
-1389	16.1058137797
-1388	16.1082050516
-1387	16.1144821402
-1386	16.109251233
-1385	16.1079061426
-1384	16.0952025108
-1383	16.083694515
-1382	16.0665072485
-1381	16.0603796144
-1380	16.0484232551
-1379	16.0351218054
-1378	16.0249589
-1377	16.0144970856
-1376	16.0037363623
-1375	16.0029890898
-1374	16.0121058138
-1373	16.008518906
-1372	16.0106112689
-1371	16.0143476311
-1370	16.0162905395
-1369	16.0192796294
-1368	16.017336721
-1367	16.0106112689
-1366	16.0080705425
-1365	16.0133014497
-1364	16.0162905395
-1363	16.0245105365
-1362	16.0188312659
-1361	16.0251083545
-1360	16.0195785383
-1359	16.0200269018
-1358	16.0218203557
-1357	16.0192796294
-1356	16.0225676282
-1355	16.0218203557
-1354	16.0239127186
-1353	16.0264534449
-1352	16.0297414437
-1351	16.0276490809
-1350	16.0233149006
-1349	16.0248094455
-1348	16.0133014497
-1347	16.0109101779
-1346	16.0014945449
-1345	15.9964130922
-1344	15.9869974593
-1343	15.9763861904
-1342	15.9772829174
-1341	15.9822149156
-1340	15.9962636377
-1339	15.9949185473
-1338	15.9861007323
-1337	15.9796741892
-1336	15.9647287401
-1335	15.9560603796
-1334	15.9461963832
-1333	15.9500822
-1332	15.957704379
-1331	15.958003288
-1330	15.9699596473
-1329	15.9790763712
-1328	15.9931250934
-1327	16.0028396353
-1326	16.0216709012
-1325	16.0239127186
-1324	16.0249589
-1323	16.0201763563
-1322	16.0191301749
-1321	16.0171872665
-1320	16.0140487222
-1319	16.0243610821
-1318	16.0231654461
-1317	16.0171872665
-1316	16.0121058138
-1315	16.017336721
-1314	16.0137498132
-1313	16.0272007174
-1312	16.0219698102
-1311	16.0279479898
-1310	16.0363174413
-1309	16.0442385294
-1308	16.0603796144
-1307	16.0651621581
-1306	16.076072336
-1305	16.0869825138
-1304	16.0938574204
-1303	16.1028246899
-1302	16.1028246899
-1301	16.0952025108
-1300	16.1028246899
-1299	16.0904199671
-1298	16.083993424
-1297	16.0868330593
-1296	16.0926617845
-1295	16.0966970557
-1294	16.1050665072
-1293	16.1143326857
-1292	16.1107457779
-1291	16.1035719623
-1290	16.109251233
-1289	16.1215065013
-1288	16.1167239576
-1287	16.1185174114
-1286	16.1210581378
-1285	16.1218054103
-1284	16.1316694067
-1283	16.1376475863
-1282	16.1386937677
-1281	16.1401883127
-1280	16.1407861306
-1279	16.1418323121
-1278	16.142131221
-1277	16.1463159468
-1276	16.1478104917
-1275	16.1534897624
-1274	16.1566283067
-1273	16.1652966672
-1272	16.1649977582
-1271	16.1633537588
-1270	16.1754595726
-1269	16.1672395755
-1268	16.1687341205
-1267	16.1681363025
-1266	16.1641010312
-1265	16.1638021223
-1264	16.1636526678
-1263	16.1703781199
-1262	16.1769541175
-1261	16.1862202959
-1260	16.193543566
-1259	16.1892093857
-1258	16.1910028396
-1257	16.185622478
-1256	16.1797937528
-1255	16.1803915708
-1254	16.1630548498
-1253	16.1496039456
-1252	16.1374981318
-1251	16.1273352264
-1250	16.1204603198
-1249	16.1116425049
-1248	16.1085039605
-1247	16.1025257809
-1246	16.101330145
-1245	16.0887759677
-1244	16.0875803318
-1243	16.0989388731
-1242	16.0932596025
-1241	16.0892243312
-1240	16.0772679719
-1239	16.0798086983
-1238	16.0733821551
-1237	16.0663577941
-1236	16.0620236138
-1235	16.0443879839
-1234	16.0460319833
-1233	16.0399043491
-1232	16.0406516216
-1231	16.0388581677
-1230	16.0336272605
-1229	16.0313854431
-1228	16.0309370797
-1227	16.0304887162
-1226	16.0428934389
-1225	16.0517112539
-1224	16.0630697952
-1223	16.0591839785
-1222	16.0612763414
-1221	16.0557465252
-1220	16.0582872515
-1219	16.0636676132
-1218	16.0744283366
-1217	16.0632192497
-1216	16.0697952473
-1215	16.0715887012
-1214	16.0771185174
-1213	16.0884770587
-1212	16.0986399641
-1211	16.1028246899
-1210	16.1041697803
-1209	16.1011806905
-1208	16.0974443282
-1207	16.100732327
-1206	16.1031235989
-1205	16.1025257809
-1204	16.0977432372
-1203	16.0986399641
-1202	16.0975937827
-1201	16.0996861456
-1200	16.0887759677
-1199	16.0993872366
-1198	16.0980421462
-1197	16.1023763264
-1196	16.125392318
-1195	16.1276341354
-1194	16.1333134061
-1193	16.1451203109
-1192	16.1608130324
-1191	16.1750112091
-1190	16.1829322971
-1189	16.1833806606
-1188	16.1881632043
-1187	16.1820355702
-1186	16.1930952025
-1185	16.1942908384
-1184	16.1887610223
-1183	16.1863697504
-1182	16.1914512031
-1181	16.2086384696
-1180	16.2074428337
-1179	16.2240322822
-1178	16.2310566433
-1177	16.2449559109
-1176	16.2585562696
-1175	16.2609475415
-1174	16.2739500822
-1173	16.2754446271
-1172	16.2833657151
-1171	16.2932297116
-1170	16.285458078
-1169	16.294275893
-1168	16.293678075
-1167	16.2971155283
-1166	16.3045882529
-1165	16.3098191601
-1164	16.3144522493
-1163	16.3240173367
-1162	16.336571514
-1161	16.3409056942
-1160	16.3491256912
-1159	16.3594380511
-1158	16.3646689583
-1157	16.3701987745
-1156	16.3787176805
-1155	16.3891794948
-1154	16.3981467643
-1153	16.3978478553
-1152	16.4012853086
-1151	16.3939620386
-1150	16.3894784038
-1149	16.3936631296
-1148	16.3984456733
-1147	16.4011358541
-1146	16.4020325811
-1145	16.4141383949
-1144	16.4347631146
-1143	16.4266925721
-1142	16.4341652967
-1141	16.4275892991
-1140	16.4265431176
-1139	16.4256463907
-1138	16.429382753
-1137	16.4399940218
-1136	16.4512031087
-1135	16.4637572859
-1134	16.4694365566
-1133	16.4836347332
-1132	16.4926020027
-1131	16.504558362
-1130	16.5023165446
-1129	16.5162158123
-1128	16.5217456285
-1127	16.5360932596
-1126	16.5437154386
-1125	16.5507397997
-1124	16.545957256
-1123	16.5314601704
-1122	16.538335077
-1121	16.5423703482
-1120	16.5410252578
-1119	16.5325063518
-1118	16.5307128979
-1117	16.5296667165
-1116	16.5362427141
-1115	16.5389328949
-1114	16.5396801674
-1113	16.5302645344
-1112	16.5313107159
-1111	16.5490958003
-1110	16.5552234345
-1109	16.5594081602
-1108	16.5676281572
-1107	16.5780899716
-1106	16.5764459722
-1105	16.5812285159
-1104	16.5722612465
-1103	16.5740547003
-1102	16.5743536093
-1101	16.5746525183
-1100	16.5910925123
-1099	16.6105215962
-1098	16.6127634135
-1097	16.6242714094
-1096	16.6230757734
-1095	16.6292034076
-1094	16.6306979525
-1093	16.6425048573
-1092	16.6541623076
-1091	16.6546106711
-1090	16.6508743088
-1089	16.6474368555
-1088	16.6556568525
-1087	16.6567030339
-1086	16.6617844866
-1085	16.6661186669
-1084	16.6744881184
-1083	16.6717979375
-1082	16.6709012106
-1081	16.6697055747
-1080	16.6698550291
-1079	16.6735913914
-1078	16.6828575699
-1077	16.7024361082
-1076	16.7019877447
-1075	16.7093110148
-1074	16.705425198
-1073	16.7120011956
-1072	16.7018382902
-1071	16.6903302944
-1070	16.6952622926
-1069	16.7067702884
-1068	16.7208190106
-1067	16.7278433717
-1066	16.7338215513
-1065	16.7351666418
-1064	16.7321775519
-1063	16.7212673741
-1062	16.7149902855
-1061	16.7121506501
-1060	16.7006426543
-1059	16.7046779256
-1058	16.7027350172
-1057	16.7081153789
-1056	16.6931699298
-1055	16.6891346585
-1054	16.6868928411
-1053	16.6873412046
-1052	16.6960095651
-1051	16.6928710208
-1050	16.7016888357
-1049	16.7028844717
-1048	16.6903302944
-1047	16.6910775669
-1046	16.6982513825
-1045	16.6948139292
-1044	16.6961590196
-1043	16.680167389
-1042	16.6783739351
-1041	16.6852488417
-1040	16.7001942908
-1039	16.705126289
-1038	16.6919742938
-1037	16.7009415633
-1036	16.7018382902
-1035	16.7015393813
-1034	16.6936182932
-1033	16.697803019
-1032	16.6995964729
-1031	16.7078164699
-1030	16.7040801076
-1029	16.6960095651
-1028	16.6931699298
-1027	16.6949633836
-1026	16.6849499327
-1025	16.6945150202
-1024	16.6912270214
-1023	16.6906292034
-1022	16.6989986549
-1021	16.6973546555
-1020	16.6867433866
-1019	16.6815124795
-1018	16.6919742938
-1017	16.6949633836
-1016	16.6946644747
-1015	16.6918248393
-1014	16.6846510238
-1013	16.671648483
-1012	16.6628306681
-1011	16.6573008519
-1010	16.6570019429
-1009	16.6516215812
-1008	16.6492303094
-1007	16.6520699447
-1006	16.65490958
-1005	16.6477357645
-1004	16.6437004932
-1003	16.6481841279
-1002	16.6414586758
-1001	16.6487819459
-1000	16.639067404
-999	16.6341354058
-998	16.6490808549
-997	16.6532655806
-996	16.6574503064
-995	16.6565535794
-994	16.6583470333
-993	16.6613361232
-992	16.6617844866
-991	16.6692572112
-990	16.6770288447
-989	16.6825586609
-988	16.6882379315
-987	16.6831564789
-986	16.6843521148
-985	16.6973546555
-984	16.7052757435
-983	16.72246301
-982	16.7293379166
-981	16.7357644597
-980	16.7354655507
-979	16.7284411897
-978	16.7399491855
-977	16.7466746376
-976	16.7415931849
-975	16.7495142729
-974	16.7539979076
-973	16.7478702735
-972	16.7584815424
-971	16.7605739052
-970	16.7702884472
-969	16.7755193544
-968	16.7752204454
-967	16.7699895382
-966	16.7764160813
-965	16.7858317142
-964	16.7918098939
-963	16.789119713
-962	16.7910626214
-961	16.8072037065
-960	16.8083993424
-959	16.8069047975
-958	16.8001793454
-957	16.8033178897
-956	16.8106411598
-955	16.8184127933
-954	16.8010760723
-953	16.8060080705
-952	16.8015244358
-951	16.8016738903
-950	16.797937528
-949	16.7936033478
-948	16.8052607981
-947	16.8000298909
-946	16.7946495292
-945	16.7862800777
-944	16.7831415334
-943	16.7761171723
-942	16.7705873562
-941	16.7823942609
-940	16.7852338963
-939	16.780899716
-938	16.7819458975
-937	16.7883724406
-936	16.7898669855
-935	16.7841877148
-934	16.7794051711
-933	16.7713346286
-932	16.7637124496
-931	16.7617695412
-930	16.748617546
-929	16.7445822747
-928	16.7360633687
-927	16.7366611867
-926	16.7374084591
-925	16.7200717382
-924	16.7076670154
-923	16.6870422956
-922	16.6774772082
-921	16.6605888507
-920	16.6525183082
-919	16.6333881333
-918	16.6194888656
-917	16.6271110447
-916	16.6247197728
-915	16.6160514123
-914	16.6124645046
-913	16.5943805111
-912	16.5921386938
-911	16.5785383351
-910	16.5607532506
-909	16.5589597967
-908	16.5606037961
-907	16.5528321626
-906	16.5526827081
-905	16.5474518009
-904	16.5419219848
-903	16.5413241668
-902	16.5402779854
-901	16.5393812584
-900	16.5425198027
-899	16.5477507099
-898	16.5449110746
-897	16.5362427141
-896	16.5229412644
-895	16.5165147213
-894	16.5129278135
-893	16.5082947243
-892	16.5156179943
-891	16.4949932745
-890	16.4981318189
-889	16.487221641
-888	16.478702735
-887	16.4781049171
-886	16.4691376476
-885	16.4791510985
-884	16.4712300105
-883	16.4695860111
-882	16.4586758332
-881	16.4633089224
-880	16.4643551039
-879	16.4547900164
-878	16.4591241967
-877	16.46256165
-876	16.4700343745
-875	16.471080556
-874	16.4937976386
-873	16.5005230907
-872	16.5063518159
-871	16.5087430877
-870	16.5233896279
-869	16.5311612614
-868	16.529517262
-867	16.5413241668
-866	16.5589597967
-865	16.5625467045
-864	16.5606037961
-863	16.5649379764
-862	16.5777910626
-861	16.5830219698
-860	16.595875056
-859	16.6021521447
-858	16.6118666866
-857	16.6371244956
-856	16.6484830369
-855	16.6484830369
-854	16.6629801226
-853	16.6653713944
-852	16.672246301
-851	16.6927215663
-850	16.6880884771
-849	16.6963084741
-848	16.7108055597
-847	16.7146913765
-846	16.7347182783
-845	16.7339710058
-844	16.7375579136
-843	16.7405470034
-842	16.7535495442
-841	16.782095352
-840	16.8040651622
-839	16.8110895232
-838	16.8217007921
-837	16.8486026005
-836	16.8520400538
-835	16.8717680466
-834	16.8955313107
-833	16.9172022119
-832	16.9322971155
-831	16.9463458377
-830	16.967120012
-829	16.9875952772
-828	16.9971603647
-827	17.0130025407
-826	17.0073232701
-825	17.0213719922
-824	17.0472276192
-823	17.0777163354
-822	17.0996861456
-821	17.1153788671
-820	17.1252428635
-819	17.1295770438
-818	17.1528919444
-817	17.1596173965
-816	17.1797937528
-815	17.1818861157
-814	17.1880137498
-813	17.2054999253
-812	17.2137199223
-811	17.2350919145
-810	17.2569122702
-809	17.2754446271
-808	17.2935286205
-807	17.3026453445
-806	17.3314900613
-805	17.34509042
-804	17.3555522343
-803	17.3688536841
-802	17.3769242266
-801	17.3678075026
-800	17.3669107757
-799	17.3842474966
-798	17.4027798535
-797	17.4141383949
-796	17.4211627559
-795	17.4326707518
-794	17.4374532955
-793	17.4486623823
-792	17.4621132865
-791	17.4763114632
-790	17.48752055
-789	17.4912569123
-788	17.5076969063
-787	17.5079958153
-786	17.5232401734
-785	17.5183081752
-784	17.5050067255
-783	17.5087430877
-782	17.5223434464
-781	17.513376177
-780	17.5205499925
-779	17.5326558063
-778	17.5172619937
-777	17.5347481692
-776	17.5423703482
-775	17.5414736213
-774	17.546256165
-773	17.5416230758
-772	17.5555223434
-771	17.5476012554
-770	17.5510387087
-769	17.5516365267
-768	17.5283216261
-767	17.5281721716
-766	17.5195038111
-765	17.5181587207
-764	17.5030638171
-763	17.4964878195
-762	17.4743685548
-761	17.4612165596
-760	17.4547900164
-759	17.4468689284
-758	17.4359587506
-757	17.4228067553
-756	17.402929308
-755	17.3902256763
-754	17.377671499
-753	17.3752802272
-752	17.3619787775
-751	17.3364220595
-750	17.3102675235
-749	17.2963682559
-748	17.2817217157
-747	17.2718577193
-746	17.2485428187
-745	17.2365864594
-744	17.2231355552
-743	17.2120759229
-742	17.2152144672
-741	17.2177551935
-740	17.2131221043
-739	17.2104319235
-738	17.2049021073
-737	17.1918995666
-736	17.1877148408
-735	17.1669406666
-734	17.1466148558
-733	17.1360035869
-732	17.1201614109
-731	17.1153788671
-730	17.0955014198
-729	17.0893737857
-728	17.0899716036
-727	17.0980421462
-726	17.0821999701
-725	17.0718876102
-724	17.0597817964
-723	17.059034524
-722	17.0552981617
-721	17.041996712
-720	17.024659991
-719	17.0089672695
-718	17.008219997
-717	17.0007472725
-716	16.9968614557
-715	16.9817665521
-714	16.9727992826
-713	16.965924376
-712	16.9597967419
-711	16.9626363772
-710	16.9609923778
-709	16.9530712898
-708	16.9464952922
-707	16.9427589299
-706	16.9364818413
-705	16.9394709311
-704	16.9281123898
-703	16.9210880287
-702	16.9169033029
-701	16.9061425796
-700	16.916305485
-699	16.9050963981
-698	16.9025556718
-697	16.899865491
-696	16.9009116724
-695	16.9134658496
-694	16.908384397
-693	16.9064414886
-692	16.9151098491
-691	16.9240771185
-690	16.9281123898
-689	16.9439545658
-688	16.9445523838
-687	16.9390225676
-686	16.9394709311
-685	16.9467942012
-684	16.9515767449
-683	16.9597967419
-682	16.9730981916
-681	16.9713047377
-680	16.975340009
-679	16.9902854581
-678	17.0031385443
-677	17.0237632641
-676	17.0294425347
-675	17.0358690779
-674	17.0478254372
-673	17.0645643402
-672	17.0677028845
-671	17.084591242
-670	17.0965476013
-669	17.1040203258
-668	17.0969959647
-667	17.1011806905
-666	17.0984905096
-665	17.1037214168
-664	17.1231505007
-663	17.1309221342
-662	17.1448214019
-661	17.1672395755
-660	17.1784486624
-659	17.1927962935
-658	17.1996712001
-657	17.2170079211
-656	17.2204453744
-655	17.2253773726
-654	17.2247795546
-653	17.2364370049
-652	17.243162457
-651	17.251980272
-650	17.25990136
-649	17.2667762666
-648	17.2842624421
-647	17.3072784337
-646	17.3334329697
-645	17.344492602
-644	17.3542071439
-643	17.3727395008
-642	17.4057689434
-641	17.4160813032
-640	17.4304289344
-639	17.4434314751
-638	17.4506052907
-637	17.4691376476
-636	17.4924525482
-635	17.5129278135
-634	17.5293678075
-633	17.5384845315
-632	17.5529816171
-631	17.5742041548
-630	17.5848154237
-629	17.5951277836
-628	17.6118666866
-627	17.6093259602
-626	17.6281572261
-625	17.630249589
-624	17.6411597669
-623	17.6366761321
-622	17.6489314004
-621	17.6587953968
-620	17.6701539381
-619	17.6776266627
-618	17.6770288447
-617	17.688985204
-616	17.6916753848
-615	17.6922732028
-614	17.7028844717
-613	17.7108055597
-612	17.7137946495
-611	17.7143924675
-610	17.7128979226
-609	17.7091615603
-608	17.723060828
-607	17.7209684651
-606	17.7123001046
-605	17.7048273801
-604	17.6909281124
-603	17.6871917501
-602	17.6900313854
-601	17.6701539381
-600	17.6698550291
-599	17.6619339411
-598	17.6502764908
-597	17.6399641309
-596	17.6377223136
-595	17.6332386788
-594	17.6185921387
-593	17.6150052309
-592	17.6020026902
-591	17.5821252429
-590	17.5603048872
-589	17.5487968913
-588	17.5323568973
-587	17.5111343596
-586	17.4964878195
-585	17.4833358242
-584	17.4652518308
-583	17.4468689284
-582	17.4235540278
-581	17.4090569422
-580	17.3914213122
-579	17.3721416829
-578	17.353310417
-577	17.3344791511
-576	17.318935884
-575	17.2978628008
-574	17.27753699
-573	17.2492900912
-572	17.235241369
-571	17.2137199223
-570	17.1957853834
-569	17.1609624869
-568	17.1434763115
-567	17.1079061426
-566	17.0866836048
-565	17.0657599761
-564	17.0333283515
-563	17.0026901808
-562	16.9828127335
-561	16.9762367359
-560	16.9611418323
-559	16.9367807503
-558	16.9061425796
-557	16.8767000448
-556	16.8641458676
-555	16.8514422358
-554	16.8329098789
-553	16.8173666119
-552	16.8009266178
-551	16.7803018981
-550	16.7608728142
-549	16.7466746376
-548	16.7339710058
-547	16.7200717382
-546	16.7007921088
-545	16.6922732028
-544	16.6882379315
-543	16.6717979375
-542	16.6593932148
-541	16.6365266776
-540	16.6235241369
-539	16.6075325064
-538	16.6034972351
-537	16.5939321477
-536	16.5828725153
-535	16.5697205201
-534	16.5601554327
-533	16.5603048872
-532	16.5686743387
-531	16.5616499776
-530	16.5514870722
-529	16.5434165297
-528	16.5561201614
-527	16.5434165297
-526	16.5490958003
-525	16.5641907039
-524	16.5582125243
-523	16.546555074
-522	16.546555074
-521	16.5492452548
-520	16.5450605291
-519	16.5588103423
-518	16.56239725
-517	16.5685248842
-516	16.5819757884
-515	16.5804812435
-514	16.5887012405
-513	16.5866088776
-512	16.5895979674
-511	16.5945299656
-510	16.6037961441
-509	16.6206845016
-508	16.6372739501
-507	16.6451950381
-506	16.6595426693
-505	16.6776266627
-504	16.6912270214
-503	16.7021371992
-502	16.7235091915
-501	16.7321775519
-500	16.748019728
-499	16.7496637274
-498	16.7608728142
-497	16.7671499029
-496	16.7764160813
-495	16.7885218951
-494	16.8157226125
-493	16.8394858766
-492	16.8539829622
-491	16.8711702287
-490	16.88252877
-489	16.8953818562
-488	16.899865491
-487	16.908384397
-486	16.9382752952
-485	16.9689134658
-484	17.0020923629
-483	17.0100134509
-482	17.0119563593
-481	17.0363174413
-480	17.0394559857
-479	17.0600807054
-478	17.0778657899
-477	17.1077566881
-476	17.1195635929
-475	17.1346584965
-474	17.1534897624
-473	17.1718726648
-472	17.1884621133
-471	17.1956359289
-470	17.2052010163
-469	17.2216410103
-468	17.2425646391
-467	17.2561649978
-466	17.269316993
-465	17.2784337169
-464	17.293976984
-463	17.3131071589
-462	17.3350769691
-461	17.3491256912
-460	17.3639216858
-459	17.3719922284
-458	17.3830518607
-457	17.3959049469
-456	17.4129427589
-455	17.4195187565
-454	17.4396951128
-453	17.4553878344
-452	17.4503063817
-451	17.4601703781
-450	17.4715289194
-449	17.4863249141
-448	17.5054550889
-447	17.5262292632
-446	17.5272754446
-445	17.5431176207
-444	17.554476162
-443	17.5579136153
-442	17.5730085189
-441	17.5752503363
-440	17.5810790614
-439	17.5869077866
-438	17.587655059
-437	17.5863099686
-436	17.5955761471
-435	17.5919892393
-434	17.580630698
-433	17.5858616051
-432	17.5768943357
-431	17.5674787027
-430	17.5562696159
-429	17.538633986
-428	17.5293678075
-427	17.5174114482
-426	17.51247945
-425	17.5129278135
-424	17.5006725452
-423	17.4955910925
-422	17.4914063668
-421	17.4766103721
-420	17.453743835
-419	17.4404423853
-418	17.4260947541
-417	17.4189209386
-416	17.4066656703
-415	17.3890300404
-414	17.3721416829
-413	17.3486773278
-412	17.3199820655
-411	17.2909878942
-410	17.2767897175
-409	17.2724555373
-408	17.2543715439
-407	17.2379315498
-406	17.2193991929
-405	17.1998206546
-404	17.167687939
-403	17.1389926767
-402	17.1140337767
-401	17.0863846959
-400	17.0674039755
-399	17.0348228964
-398	17.0061276341
-397	16.9880436407
-396	16.9618891048
-395	16.9385742042
-394	16.9095800329
-393	16.8882080407
-392	16.8622029592
-391	16.8327604245
-390	16.8079509789
-389	16.7695411747
-388	16.7577342699
-387	16.7297862801
-386	16.7012404723
-385	16.6822597519
-384	16.6592437603
-383	16.6232252279
-382	16.5949783291
-381	16.571513974
-380	16.5483485279
-379	16.5310118069
-378	16.5139739949
-377	16.4975340009
-376	16.4736212823
-375	16.4507547452
-374	16.4180242116
-373	16.3924674936
-372	16.3630249589
-371	16.3434464206
-370	16.3069795247
-369	16.2835151696
-368	16.2603497235
-367	16.2395755492
-366	16.2309071888
-365	16.2309071888
-364	16.2193991929
-363	16.193244657
-362	16.1711253923
-361	16.1652966672
-360	16.1425795845
-359	16.1318188612
-358	16.1310715887
-357	16.1241966821
-356	16.1212075923
-355	16.1053654162
-354	16.0968465102
-353	16.083395606
-352	16.0706919743
-351	16.06755343
-350	16.0618741593
-349	16.0548497982
-348	16.0627708863
-347	16.0653116126
-346	16.0659094306
-345	16.0708414288
-344	16.0693468839
-343	16.075175609
-342	16.0762217905
-341	16.0832461515
-340	16.0977432372
-339	16.1120908683
-338	16.1162755941
-337	16.1194141384
-336	16.1249439546
-335	16.1230010462
-334	16.126886863
-333	16.1330144971
-332	16.1419817666
-331	16.159169033
-330	16.1805410253
-329	16.1933941115
-328	16.2063966522
-327	16.2120759229
-326	16.2389777313
-325	16.2624420864
-324	16.2790315349
-323	16.2950231654
-322	16.3054849798
-321	16.3308922433
-320	16.336571514
-319	16.3477806008
-318	16.3701987745
-317	16.3965027649
-316	16.4192198476
-315	16.4299805709
-314	16.4380511134
-313	16.4624121955
-312	16.4882678224
-311	16.5100881781
-310	16.5414736213
-309	16.5649379764
-308	16.5840681512
-307	16.5957256016
-306	16.6147063219
-305	16.6321924974
-304	16.6601404872
-303	16.6717979375
-302	16.6859961142
-301	16.7211179196
-300	16.7384546406
-299	16.7675982663
-298	16.7895680765
-297	16.8288746077
-296	16.8511433269
-295	16.8868629502
-294	16.9151098491
-293	16.9269167538
-292	16.9318487521
-291	16.9594978329
-290	16.9875952772
-289	17.0277985353
-288	17.04259453
-287	17.0623225228
-286	17.0804065162
-285	17.083694515
-284	17.0899716036
-283	17.100134509
-282	17.1215065013
-281	17.1412344941
-280	17.1522941264
-279	17.1546853983
-278	17.1646988492
-277	17.1700792109
-276	17.1735166642
-275	17.1660439396
-274	17.1702286654
-273	17.1766552085
-272	17.1781497534
-271	17.1809893887
-270	17.1700792109
-269	17.1703781199
-268	17.1697803019
-267	17.1587206696
-266	17.1452697654
-265	17.1481094007
-264	17.1418323121
-263	17.1286803168
-262	17.1288297713
-261	17.1309221342
-260	17.1225526827
-259	17.1073083246
-258	17.0905694216
-257	17.0650127036
-256	17.0442385294
-255	17.0119563593
-254	16.9940218204
-253	16.9593483784
-252	16.9122702137
-251	16.8738604095
-250	16.8471080556
-249	16.8181138843
-248	16.7797040801
-247	16.7544462711
-246	16.7245553729
-245	16.6843521148
-244	16.6360783142
-243	16.5979674189
-242	16.5577641608
-241	16.5201016291
-240	16.4748169182
-239	16.4262442086
-238	16.3842474966
-237	16.3273053355
-236	16.2776864445
-235	16.2280675534
-234	16.176804663
-233	16.1203108653
-232	16.0621730683
-231	16.0031385443
-230	15.9572560155
-229	15.8934389478
-228	15.8194589747
-227	15.7601255418
-226	15.688686295
-225	15.6208339561
-224	15.5529816171
-223	15.4813929159
-222	15.411448214
-221	15.3465849649
-220	15.2799282618
-219	15.2193991929
-218	15.1413839486
-217	15.0641159767
-216	14.9754894635
-215	14.9085338514
-214	14.8418771484
-213	14.7717829921
-212	14.7069197429
-211	14.6441488567
-210	14.5733074279
-209	14.4982812734
-208	14.4259452997
-207	14.3574951427
-206	14.2941264385
-205	14.218801375
-204	14.1460170378
-203	14.0700941563
-202	13.9962636377
-201	13.9176505754
-200	13.840233149
-199	13.7710357196
-198	13.6976535645
-197	13.630847407
-196	13.5507397997
-195	13.4764609177
-194	13.4050216709
-193	13.3347780601
-192	13.2600508145
-191	13.1918995666
-190	13.1117919593
-189	13.0273501719
-188	12.9414138395
-187	12.8686295023
-186	12.7834404424
-185	12.7075175609
-184	12.6357794052
-183	12.5616499776
-182	12.4973845464
-181	12.4127933044
-180	12.3449409655
-179	12.2915857122
-178	12.2258257361
-177	12.1476610372
-176	12.0784636078
-175	12.0001494545
-174	11.924824391
-173	11.8530862352
-172	11.7916604394
-171	11.7342699148
-170	11.6673143028
-169	11.5895979674
-168	11.5262292632
-167	11.4580780152
-166	11.3915707667
-165	11.3166940667
-164	11.2563144522
-163	11.1951875654
-162	11.126289045
-161	11.0638170677
-160	11.000597818
-159	10.9414138395
-158	10.8753549544
-157	10.806755343
-156	10.7539979076
-155	10.7018382902
-154	10.6363772231
-153	10.5890001495
-152	10.5348976237
-151	10.4751158272
-150	10.4265431176
-149	10.3639216858
-148	10.3077267972
-147	10.2645344493
-146	10.2138693768
-145	10.1643999402
-144	10.126289045
-143	10.0802570617
-142	10.0361679868
-141	9.98475564191
-140	9.93693020475
-139	9.88895531311
-138	9.84725751009
-137	9.80376625318
-136	9.75698699746
-135	9.70288447168
-134	9.66193394111
-133	9.61829322971
-132	9.58078015244
-131	9.5378867135
-130	9.50620236138
-129	9.4773576446
-128	9.45419219848
-127	9.42699148109
-126	9.38409804215
-125	9.33836496787
-124	9.29442534748
-123	9.2621431774
-122	9.22971155283
-121	9.19384247497
-120	9.16156030489
-119	9.12912868032
-118	9.10775668809
-117	9.08444178748
-116	9.06157525034
-115	9.04797489165
-114	9.02301599163
-113	9.01494544911
-112	8.99955163653
-111	8.97728291735
-110	8.97175310118
-109	8.97339710058
-108	8.94933492751
-107	8.92751457181
-106	8.90972948737
-105	8.87117022867
-104	8.84486623823
-103	8.83231206098
-102	8.82872515319
-101	8.81990733822
-100	8.81437752204
-99	8.80615752503
-98	8.7916604394
-97	8.78508444179
-96	8.78971753101
-95	8.79479898371
-94	8.80107607234
-93	8.80989388731
-92	8.82394260948
-91	8.83320878792
-90	8.84292332985
-89	8.865490958
-88	8.8789418622
-87	8.89792258257
-86	8.92422657301
-85	8.95112838141
-84	8.98370946047
-83	9.00538036168
-82	9.02271708265
-81	9.05948288746
-80	9.08459124197
-79	9.11388432222
-78	9.14975340009
-77	9.17800029891
-76	9.21476610372
-75	9.24749663727
-74	9.26737408459
-73	9.31250934091
-72	9.35644896129
-71	9.38917949484
-70	9.44074129428
-69	9.49663727395
-68	9.54909580033
-67	9.60738305186
-66	9.67956957107
-65	9.73875354954
-64	9.81138843222
-63	9.88282767897
-62	9.95202510835
-61	10.0301898072
-60	10.1140337767
-59	10.1924973845
-58	10.2897922583
-57	10.3848453146
-56	10.4824390973
-55	10.5782394261
-54	10.6723957555
-53	10.7764160813
-52	10.8949334928
-51	11.0230159916
-50	11.1357046779
-49	11.2594529966
-48	11.387087132
-47	11.5145718129
-46	11.6447466746
-45	11.7720819011
-44	11.9194440293
-43	12.0627708863
-42	12.2066955612
-41	12.3667613212
-40	12.5112838141
-39	12.6531161261
-38	12.8010760723
-37	12.9538185622
-36	13.0898221492
-35	13.2694664475
-34	13.4441787476
-33	13.6082797788
-32	13.8004782544
-31	13.9932745479
-30	14.1678373935
-29	14.344791511
-28	14.5363921686
-27	14.706620834
-26	14.8765505903
-25	15.0612763414
-24	15.2367359139
-23	15.4148856673
-22	15.5931848752
-21	15.7759677178
-20	15.9385742042
-19	16.0984905096
-18	16.2651322672
-17	16.4138394859
-16	16.5653863399
-15	16.7305335525
-14	16.8855178598
-13	17.0399043491
-12	17.1953370199
-11	17.3459871469
-10	17.5087430877
-9	17.6783739351
-8	17.8243909729
-7	17.9641309221
-6	18.1140337767
-5	18.2427140936
-4	18.3767747721
-3	18.5139739949
-2	18.6451950381
-1	18.7868778957
0	18.9085338514
1	19.0277985353
2	19.1479599462
3	19.2555671798
4	19.3491256912
5	19.4494096548
6	19.5450605291
7	19.6153041399
8	19.6967568375
9	19.7749215364
10	19.8444178748
11	19.9173516664
12	19.9790763712
13	20.0221192647
14	20.0677028845
15	20.1123897773
16	20.1379464953
17	20.1703781199
18	20.2155133762
19	20.2419668211
20	20.2748468091
21	20.3039904349
22	20.3128082499
23	20.3285009715
24	20.3247646092
25	20.3160962487
26	20.3169929756
27	20.311612614
28	20.2951726199
29	20.2621431774
30	20.2421162756
31	20.2029591989
32	20.1587206696
33	20.1440741294
34	20.1252428635
35	20.1469137648
36	20.2065461067
37	20.1277835899
38	20.1232999552
39	20.1533403079
40	20.0451352563
41	19.9784785533
42	19.9030040353
43	19.8161709759
44	19.7377073681
45	19.6544612166
46	19.5786877896
47	19.5054550889
48	19.4210133014
49	19.3462860559
50	19.2720071738
51	19.1953370199
52	19.1082050516
53	19.0345239874
54	18.9874458227
55	18.9204902107
56	18.8728142281
57	18.8163204304
58	18.7448811837
59	18.6777761172
60	18.6097743237
61	18.5432670752
62	18.4686892841
63	18.4023314901
64	18.3214766104
65	18.2593035421
66	18.2052010163
67	18.1271857719
68	18.0732327006
69	18.0234643551
70	17.9602451054
71	17.9000149454
72	17.8385891496
73	17.7770138993
74	17.7160364669
75	17.6789717531
76	17.6323419519
77	17.588252877
78	17.5615005231
79	17.513077268
80	17.48752055
81	17.46256165
82	17.4274398446
83	17.39500822
84	17.3728889553
85	17.3551038709
86	17.344791511
87	17.3404573307
88	17.3207293379
89	17.3033926169
90	17.3053355253
91	17.2839635331
92	17.2697653564
93	17.2669257211
94	17.2503362726
95	17.2401733672
96	17.2534748169
97	17.2584068151
98	17.2530264534
99	17.260798087
100	17.2703631744
101	17.2815722612
102	17.3183380661
103	17.3453893289
104	17.3879838589
105	17.4352114781
106	17.4558361979
107	17.4728740099
108	17.4712300105
109	17.4089074877
110	17.4755641907
111	17.4917052757
112	17.4440292931
113	17.537139441
114	17.6027499626
115	17.6565535794
116	17.7272455537
117	17.8015244358
118	17.8565236885
119	17.9218353012
120	17.9955163653
121	18.0642654312
122	18.1200119564
123	18.1965326558
124	18.2645344493
125	18.3214766104
126	18.4081602152
127	18.4657001943
128	18.5250336273
129	18.6005081453
130	18.6599910327
131	18.7405470034
132	18.8442684203
133	18.9185473023
134	18.9884920042
135	19.1059632342
136	19.1781497534
137	19.2593035421
138	19.3657151397
139	19.4476162009
140	19.5417725303
141	19.6351815872
142	19.7117022867
143	19.7912120759
144	19.8950829472
145	19.9609923778
146	20.0451352563
147	20.1546853983
148	20.2213421013
149	20.301898072
150	20.3994918547
151	20.4586758332
152	20.53743835
153	20.6259154088
154	20.688387386
155	20.7510088178
156	20.8369451502
157	20.9089822149
158	20.9678672844
159	21.0535047078
160	21.1055148707
161	21.1582723061
162	21.2448064564
163	21.2735017187
164	21.3153489762
165	21.3846958601
166	21.4220594829
167	21.4700343745
168	21.538036168
169	21.5677776117
170	21.5890001495
171	21.6460917651
172	21.6619339411
173	21.6791212076
174	21.7125990136
175	21.6937677477
176	21.6873412046
177	21.6928710208
178	21.6652219399
179	21.647287401
180	21.6465401285
181	21.6184426842
182	21.6024510537
183	21.6017037812
184	21.5537288896
185	21.5280227171
186	21.5068001793
187	21.4634583769
188	21.4323718428
189	21.3896278583
190	21.3364220595
191	21.2869526229
192	21.243760275
193	21.1781497534
194	21.117770139
195	21.0778657899
196	21.0046330892
197	20.933044388
198	20.8855178598
199	20.806157525
200	20.7197728292
201	20.6502764908
202	20.5476012554
203	20.4712300105
204	20.3842474966
205	20.2718577193
206	20.1753101181
207	20.0811537887
208	19.9527723808
209	19.8474069646
210	19.7532506352
211	19.6366761321
212	19.5311612614
213	19.4377522045
214	19.3238678822
215	19.2219399193
216	19.1276341354
217	19.0055298162
218	18.9152593035
219	18.8101927963
220	18.6850993872
221	18.5745030638
222	18.4742191003
223	18.3571962337
224	18.2473471828
225	18.151546854
226	18.0354207144
227	17.9448512928
228	17.8568225975
229	17.764459722
230	17.6625317591
231	17.5846659692
232	17.4673441937
233	17.3722911373
234	17.2930802571
235	17.1995217456
236	17.1192646839
237	17.0608279779
238	16.9711552832
239	16.8843222239
240	16.8182633388
241	16.7359139142
242	16.6599910327
243	16.6105215962
244	16.5266776267
245	16.4671947392
246	16.4147362128
247	16.3518158721
248	16.3168435211
249	16.277238081
250	16.2144671947
251	16.1729188462
252	16.1539381258
253	16.1144821402
254	16.0778657899
255	16.051113436
256	16.0109101779
257	15.9916305485
258	15.9892392766
259	15.9738454641
260	15.9517261994
261	15.9457480197
262	15.9427589299
263	15.940367658
264	15.9542669257
265	15.9629352862
266	15.9678672844
267	15.9684651024
268	15.9523240173
269	15.9512778359
270	15.9713047377
271	15.9784785533
272	15.983560006
273	16.0185323569
274	16.0424450755
275	16.0747272456
276	16.108952324
277	16.1252428635
278	16.1557315797
279	16.2171573756
280	16.2622926319
281	16.2894933493
282	16.3633238679
283	16.4115976685
284	16.4513525631
285	16.5132267225
286	16.5511881632
287	16.6027499626
288	16.6649230309
289	16.7212673741
290	16.7734269915
291	16.8361978777
292	16.9001643999
293	16.9476909281
294	17.0301898072
295	17.0949036019
296	17.1467643103
297	17.2298610073
298	17.2906889852
299	17.3515169631
300	17.4211627559
301	17.4818412793
302	17.5322074428
303	17.6202361381
304	17.6586459423
305	17.7317291885
306	17.8110895232
307	17.8772978628
308	17.9252727544
309	18.0070243611
310	18.0479748916
311	18.1073083246
312	18.1977282917
313	18.2449559109
314	18.2998057092
315	18.3784187715
316	18.446121656
317	18.5138245404
318	18.5863099686
319	18.6380212225
320	18.6774772082
321	18.7362128232
322	18.7849349873
323	18.8350022418
324	18.9016589449
325	18.9302047527
326	18.9669705575
327	19.0112090868
328	19.0446868928
329	19.0786130623
330	19.1170228665
331	19.1285308624
332	19.142131221
333	19.1877148408
334	19.2095351965
335	19.2268719175
336	19.2461515469
337	19.2492900912
338	19.2504857271
339	19.2723060828
340	19.2788820804
341	19.2896428038
342	19.3054849798
343	19.293678075
344	19.276939172
345	19.2830668062
346	19.2678224481
347	19.2563144522
348	19.252279181
349	19.2238828277
350	19.2037064714
351	19.1881632043
352	19.134807951
353	19.0944552384
354	19.0899716036
355	19.0325810791
356	18.9865490958
357	18.9527723808
358	18.9055447616
359	18.8608578688
360	18.8233447915
361	18.764758631
362	18.7067702884
363	18.672246301
364	18.6160514123
365	18.5479001644
366	18.5082947243
367	18.4308772979
368	18.3516664176
369	18.3038409804
370	18.2306082798
371	18.1655955761
372	18.1041697803
373	18.0222687192
374	17.9542669257
375	17.8955313107
376	17.8036167987
377	17.7536989987
378	17.6903302944
379	17.6099237782
380	17.529816171
381	17.4640561949
382	17.3706471379
383	17.2996562547
384	17.2470482738
385	17.1561799432
386	17.0868330593
387	17.0245105365
388	16.9379763862
389	16.8489015095
390	16.7837393514
391	16.7064713795
392	16.6342848603
393	16.5822746974
394	16.5062023614
395	16.4259452997
396	16.3746824092
397	16.2912868032
398	16.2207442834
399	16.1675384845
400	16.1074577791
401	16.0342250785
402	15.9795247347
403	15.9198923928
404	15.8711702287
405	15.8287251532
406	15.7755193544
407	15.7239575549
408	15.6818113884
409	15.6451950381
410	15.6051412345
411	15.570916156
412	15.5259303542
413	15.4906590943
414	15.4642056494
415	15.4299805709
416	15.3966522194
417	15.3906740398
418	15.3752802272
419	15.3531609625
420	15.3391122403
421	15.3225227918
422	15.3078762517
423	15.3168435211
424	15.3132566134
425	15.3177402481
426	15.3310416978
427	15.3190853385
428	15.327155881
429	15.3429980571
430	15.3415035122
431	15.3431475116
432	15.3696009565
433	15.3826034972
434	15.4090569422
435	15.4479151098
436	15.46256165
437	15.4854281871
438	15.5254819907
439	15.5582125243
440	15.6040950531
441	15.6529666716
442	15.6842026603
443	15.7133462861
444	15.7550440891
445	15.7846360783
446	15.8361978777
447	15.8897025856
448	15.9305036616
449	15.9781796443
450	16.0195785383
451	16.0647137946
452	16.1164250486
453	16.1793453893
454	16.2316544612
455	16.2935286205
456	16.3640711403
457	16.394709311
458	16.4486623823
459	16.5189059931
460	16.55507398
461	16.6064863249
462	16.6815124795
463	16.7317291885
464	16.7734269915
465	16.848453146
466	16.8871618592
467	16.9467942012
468	17.0339261695
469	17.066656703
470	17.1234494097
471	17.2063966522
472	17.2552682708
473	17.3004035271
474	17.3688536841
475	17.4229562098
476	17.470781647
477	17.5293678075
478	17.5821252429
479	17.6242714094
480	17.6803168435
481	17.7308324615
482	17.7550440891
483	17.8119862502
484	17.8514422358
485	17.8823793155
486	17.9305036616
487	17.965625467
488	17.9926767299
489	18.0469287102
490	18.0615752503
491	18.0748767
492	18.1129875953
493	18.1306232252
494	18.1528919444
495	18.1956359289
496	18.2080406516
497	18.2202959199
498	18.2383799133
499	18.244059184
500	18.2534748169
501	18.2748468091
502	18.2738006277
503	18.2826184427
504	18.2930802571
505	18.2720071738
506	18.2658795397
507	18.2721566283
508	18.2416679121
509	18.226722463
510	18.2231355552
511	18.2047526528
512	18.1738155732
513	18.1488566731
514	18.1173217755
515	18.0892243312
516	18.091615603
517	18.067254521
518	18.0431923479
519	18.0195785383
520	17.9837094605
521	17.9427589299
522	17.924824391
523	17.881930952
524	17.8276789718
525	17.8022717083
526	17.7620684502
527	17.713944104
528	17.6782244806
529	17.6148557764
530	17.5647885219
531	17.5226423554
532	17.4465700194
533	17.3962038559
534	17.3531609625
535	17.2839635331
536	17.234643551
537	17.2004184726
538	17.1306232252
539	17.0832461515
540	17.0306381707
541	16.9473920191
542	16.8958302197
543	16.8463607831
544	16.76505754
545	16.6986997459
546	16.6568524884
547	16.5749514273
548	16.5192049021
549	16.4743685548
550	16.4050216709
551	16.3476311463
552	16.2938275295
553	16.2223882828
554	16.1612613959
555	16.1159766851
556	16.041996712
557	15.975340009
558	15.9411149305
559	15.8829771335
560	15.8203557017
561	15.781796443
562	15.713645195
563	15.6604393962
564	15.6182932297
565	15.555372889
566	15.4985801823
567	15.4495591093
568	15.3924674936
569	15.3389627858
570	15.3041398894
571	15.2557166343
572	15.2141682858
573	15.1829322971
574	15.1324166791
575	15.092811239
576	15.0654610671
577	15.0133014497
578	14.9919294575
579	14.9538185622
580	14.9101778508
581	14.8889553131
582	14.8762516814
583	14.8459124197
584	14.8290240622
585	14.8358989688
586	14.8167687939
587	14.7970408011
588	14.8036167987
589	14.7806008071
590	14.7632640861
591	14.7649080855
592	14.7378568226
593	14.7236586459
594	14.7223135555
595	14.6985502914
596	14.6961590196
597	14.714541922
598	14.7118517411
599	14.6989986549
600	14.714243013
601	14.705425198
602	14.7105066507
603	14.7368106412
604	14.7456284561
605	14.7635629951
606	14.7927066208
607	14.8031684352
608	14.8278284262
609	14.8503960544
610	14.8663876849
611	14.8859662233
612	14.9180989389
613	14.9397698401
614	14.9739949185
615	15.0191301749
616	15.0445374384
617	15.0805559707
618	15.1288297713
619	15.1443730384
620	15.1877148408
621	15.2300104618
622	15.2486922732
623	15.286055896
624	15.3347780601
625	15.3685547751
626	15.4101031236
627	15.4556867434
628	15.48752055
629	15.5328052608
630	15.6017037812
631	15.6324914064
632	15.6682110297
633	15.7250037364
634	15.764758631
635	15.8075026155
636	15.8758033179
637	15.9112240323
638	15.9481392916
639	16.0153938126
640	16.0557465252
641	16.0958003288
642	16.1522941264
643	16.1908533851
644	16.2386788223
645	16.2944253475
646	16.3211777014
647	16.3627260499
648	16.4136900314
649	16.4434314751
650	16.4934987296
651	16.5398296219
652	16.5746525183
653	16.5937826932
654	16.6309968615
655	16.655806307
656	16.6771782992
657	16.7085637423
658	16.721865192
659	16.7377073681
660	16.7791062621
661	16.781198625
662	16.7874757136
663	16.8185622478
664	16.8309669706
665	16.8457629652
666	16.8684800478
667	16.874607682
668	16.8855178598
669	16.9010611269
670	16.9053953071
671	16.9101778508
672	16.9293080257
673	16.9322971155
674	16.9296069347
675	16.9482887461
676	16.9376774772
677	16.9302047527
678	16.9444029293
679	16.9228814826
680	16.9130174862
681	16.9130174862
682	16.9058436706
683	16.8829771335
684	16.8923927664
685	16.8847705874
686	16.8683305933
687	16.8605589598
688	16.8364967867
689	16.8113884322
690	16.7901658945
691	16.7578837244
692	16.7347182783
693	16.7206695561
694	16.6732924824
695	16.6499775818
696	16.6408608579
697	16.5945299656
698	16.5586608878
699	16.5498430728
700	16.5208489015
701	16.4940965476
702	16.470482738
703	16.4096547601
704	16.3724405918
705	16.3567478703
706	16.3165446122
707	16.2729039008
708	16.23494246
709	16.1830817516
710	16.1406366761
711	16.1186668659
712	16.0709908833
713	16.0301898072
714	16.0004483635
715	15.9623374682
716	15.9122702137
717	15.874607682
718	15.8230458825
719	15.7867284412
720	15.7623673591
721	15.7193244657
722	15.6741892094
723	15.6456434016
724	15.5978179644
725	15.5638917949
726	15.5365416231
727	15.4937976386
728	15.4512031087
729	15.420564938
730	15.3752802272
731	15.3376176954
732	15.3178897026
733	15.2799282618
734	15.2436108205
735	15.2195486474
736	15.1700792109
737	15.1377970408
738	15.1303243162
739	15.0827977881
740	15.0615752503
741	15.0430428934
742	15.0124047228
743	14.9710058287
744	14.9493349275
745	14.9173516664
746	14.8947840383
747	14.883126588
748	14.8517411448
749	14.8342549694
750	14.8197578837
751	14.7868778957
752	14.7780600807
753	14.773576446
754	14.7513077268
755	14.7169331938
756	14.7257510088
757	14.7015393813
758	14.6845015693
759	14.6880884771
760	14.6677626663
761	14.6529666716
762	14.6608877597
763	14.6522193992
764	14.6496786728
765	14.6641757585
766	14.6587953968
767	14.6743386639
768	14.6800179345
769	14.6706023016
770	14.6795695711
771	14.7009415633
772	14.6994470184
773	14.688686295
774	14.7027350172
775	14.7018382902
776	14.7120011956
777	14.7369600957
778	14.74009864
779	14.7583320879
780	14.789418622
781	14.8040651622
782	14.8175160664
783	14.8387386041
784	14.8489015095
785	14.8681811388
786	14.9050963981
787	14.924525482
788	14.9479898371
789	14.98236437
790	15.0016439994
791	15.0186818114
792	15.0575399791
793	15.0615752503
794	15.0738305186
795	15.1080555971
796	15.1185174114
797	15.1412344941
798	15.184127933
799	15.2128231953
800	15.2312060977
801	15.268121357
802	15.3092213421
803	15.3397100583
804	15.3790165894
805	15.4056194889
806	15.4180242116
807	15.4592736512
808	15.4855776416
809	15.5165147213
810	15.5600059782
811	15.5771932447
812	15.6164997758
813	15.6570019429
814	15.6816619339
815	15.7042295621
816	15.7406964579
817	15.7554924525
818	15.7746226274
819	15.8072037065
820	15.8391869676
821	15.8610073233
822	15.8977731281
823	15.9158571215
824	15.9384247497
825	15.9702585563
826	15.9853534599
827	16.0038858168
828	16.0458825288
829	16.050216709
830	16.0582872515
831	16.075175609
832	16.0910177851
833	16.1113435959
834	16.1404872216
835	16.1397399492
836	16.1466148558
837	16.1643999402
838	16.1528919444
839	16.1599163055
840	16.1760573905
841	16.1899566582
842	16.1905544762
843	16.2074428337
844	16.2034075624
845	16.1815872067
846	16.2004184726
847	16.2032581079
848	16.1954864744
849	16.2161111941
850	16.1984755642
851	16.1872664774
852	16.1860708414
853	16.1657450306
854	16.1705275744
855	16.1703781199
856	16.1615603049
857	16.1455686743
858	16.1363024959
859	16.108653415
860	16.0859363324
861	16.0683007024
862	16.0445374384
863	16.024659991
864	16.0207741743
865	15.9985054551
866	15.9820654611
867	15.9889403677
868	15.9686145569
869	15.9551636527
870	15.9450007473
871	15.916305485
872	15.8956807652
873	15.8929905844
874	15.8625018682
875	15.8176655208
876	15.8013749813
877	15.7611717232
878	15.7161859214
879	15.7100582873
880	15.681064116
881	15.6471379465
882	15.6368255866
883	15.5948288746
884	15.5559707069
885	15.5574652518
886	15.5280227171
887	15.496637274
888	15.4918547302
889	15.4827380063
890	15.46256165
891	15.4573307428
892	15.4316245703
893	15.4071140338
894	15.3879838589
895	15.3583918697
896	15.3355253325
897	15.3250635182
898	15.3007024361
899	15.2740995367
900	15.2454042744
901	15.2077417426
902	15.1833806606
903	15.1730683007
904	15.1461664923
905	15.1170228665
906	15.1043192348
907	15.075474518
908	15.0573905246
909	15.051113436
910	15.0321327156
911	15.0228665371
912	15.0180839934
913	15.0001494545
914	14.9620385593
915	14.9530712898
916	14.9375280227
917	14.9142131221
918	14.924525482
919	14.9040502167
920	14.8862651323
921	14.8950829472
922	14.8795396802
923	14.8708713197
924	14.8756538634
925	14.8629502317
926	14.8614556867
927	14.8604095053
928	14.8560753251
929	14.8536840532
930	14.8596622329
931	14.8532356897
932	14.8538335077
933	14.8630996861
934	14.8633985951
935	14.8611567778
936	14.8726647736
937	14.8732625915
938	14.8586160514
939	14.8686295023
940	14.8608578688
941	14.8478553281
942	14.8515916903
943	14.8544313257
944	14.8450156927
945	14.8586160514
946	14.8638469586
947	14.8747571365
948	14.8959796742
949	14.8946345838
950	14.9007622179
951	14.9342400239
952	14.9328949335
953	14.9393214766
954	14.9653265581
955	14.9698101928
956	14.9754894635
957	15.0011956359
958	14.9856523689
959	14.9843072784
960	14.9977581826
961	15.0025407263
962	15.0035869078
963	15.0248094455
964	15.0273501719
965	15.0372141683
966	15.0467792557
967	15.0663577941
968	15.0735316096
969	15.0992377821
970	15.1071588701
971	15.1052159617
972	15.125691227
973	15.1380959498
974	15.159467942
975	15.1981766552
976	15.210282469
977	15.2198475564
978	15.243162457
979	15.2530264534
980	15.2521297265
981	15.2806755343
982	15.2929308026
983	15.2959198924
984	15.3178897026
985	15.3261096996
986	15.3240173367
987	15.3504707816
988	15.3564489613
989	15.3542071439
990	15.3869376775
991	15.3915707667
992	15.3926169481
993	15.4062173068
994	15.3975489463
995	15.4068151248
996	15.4228067553
997	15.4271409356
998	15.4340158422
999	15.4450754745
1000	15.4343147512
1001	15.4423852937
1002	15.4512031087
1003	15.4574801973
1004	15.4549394709
1005	15.4646540129
1006	15.4610671051
1007	15.4546405619
1008	15.4667463757
1009	15.4561351069
1010	15.4529965625
1011	15.4748169182
1012	15.4764609177
1013	15.4749663727
1014	15.4949932745
1015	15.4882678224
1016	15.4800478254
1017	15.4891645494
1018	15.4810940069
1019	15.4754147362
1020	15.4679420117
1021	15.4668958302
1022	15.4579285608
1023	15.4610671051
1024	15.4428336572
1025	15.4374532955
1026	15.4305783889
1027	15.4090569422
1028	15.3969511284
1029	15.3938125841
1030	15.3731878643
1031	15.3673591391
1032	15.3690031385
1033	15.3624271409
1034	15.3480795098
1035	15.3374682409
1036	15.328052608
1037	15.3216260649
1038	15.32013152
1039	15.3083246152
1040	15.2884471678
1041	15.2817217157
1042	15.2591540876
1043	15.2300104618
1044	15.2229861007
1045	15.2038559259
1046	15.1872664774
1047	15.1732177552
1048	15.1428784935
1049	15.1261395905
1050	15.1224032282
1051	15.0914661486
1052	15.0665072485
1053	15.0653116126
1054	15.0445374384
1055	15.0116574503
1056	15.0022418174
1057	14.9760872814
1058	14.9455985652
1059	14.9448512928
1060	14.9319982065
1061	14.9186967568
1062	14.9047974892
1063	14.8810342251
1064	14.8674338664
1065	14.8645942311
1066	14.8530862352
1067	14.8494993275
1068	14.8387386041
1069	14.8199073382
1070	14.797638619
1071	14.7889702586
1072	14.7752204454
1073	14.7659542669
1074	14.7469735466
1075	14.7411448214
1076	14.7245553729
1077	14.7276939172
1078	14.7191750112
1079	14.7052757435
1080	14.696906292
1081	14.6848004783
1082	14.6819608429
1083	14.6706023016
1084	14.6486324914
1085	14.6317441339
1086	14.621431774
1087	14.605290689
1088	14.6011059632
1089	14.6037961441
1090	14.595875056
1091	14.579136153
1092	14.571215065
1093	14.571513974
1094	14.5525332536
1095	14.5652368854
1096	14.5565685249
1097	14.5582125243
1098	14.5543267075
1099	14.5570168884
1100	14.5685248842
1101	14.5683754297
1102	14.5731579734
1103	14.5777910626
1104	14.5854132417
1105	14.5839186968
1106	14.5845165147
1107	14.5830219698
1108	14.587953968
1109	14.5748019728
1110	14.5736063369
1111	14.5598565237
1112	14.5703183381
1113	14.571513974
1114	14.5697205201
1115	14.5742041548
1116	14.597369601
1117	14.6040950531
1118	14.6058885069
1119	14.621132865
1120	14.6182932297
1121	14.6163503213
1122	14.6187415932
1123	14.6200866836
1124	14.6215812285
1125	14.6362277686
1126	14.6445972201
1127	14.6508743088
1128	14.6856972052
1129	14.6984008369
1130	14.706321925
1131	14.72246301
1132	14.72246301
1133	14.7257510088
1134	14.7305335525
1135	14.7418920939
1136	14.747123001
1137	14.7550440891
1138	14.757136452
1139	14.7577342699
1140	14.7728291735
1141	14.7693917202
1142	14.7853833508
1143	14.8094455238
1144	14.8121357047
1145	14.8092960693
1146	14.8205051562
1147	14.8336571514
1148	14.8336571514
1149	14.8557764161
1150	14.8530862352
1151	14.8459124197
1152	14.8595127784
1153	14.8671349574
1154	14.865789867
1155	14.8735615005
1156	14.891047676
1157	14.9062920341
1158	14.9207891197
1159	14.9299058437
1160	14.9358840233
1161	14.9463458377
1162	14.9512778359
1163	14.9571065611
1164	14.9763861904
1165	14.9875952772
1166	14.9905843671
1167	15.0064265431
1168	15.0007472725
1169	15.0037363623
1170	15.0127036317
1171	15.0153938126
1172	15.008817815
1173	15.016738903
1174	15.0231654461
1175	15.0236138096
1176	15.033776715
1177	15.0245105365
1178	15.0303392617
1179	15.0297414437
1180	15.0385592587
1181	15.0310865342
1182	15.0391570767
1183	15.0445374384
1184	15.0500672545
1185	15.0440890749
1186	15.0564937976
1187	15.0557465252
1188	15.059632342
1189	15.0639665222
1190	15.0533552533
1191	15.0651621581
1192	15.0687490659
1193	15.0702436108
1194	15.0872814228
1195	15.1032730534
1196	15.1052159617
1197	15.1186668659
1198	15.1209086833
1199	15.109849051
1200	15.1050665072
1201	15.092811239
1202	15.0889254222
1203	15.0905694216
1204	15.0907188761
1205	15.0804065162
1206	15.0830966971
1207	15.0884770587
1208	15.0801076072
1209	15.0816021521
1210	15.0786130623
1211	15.0817516066
1212	15.0920639665
1213	15.0789119713
1214	15.0735316096
1215	15.0683007024
1216	15.0561948887
1217	15.059333433
1218	15.0612763414
1219	15.0549992527
1220	15.0428934389
1221	15.0409505306
1222	15.0240621731
1223	15.0266028994
1224	15.0390076222
1225	15.0330294425
1226	15.0363174413
1227	15.0378119863
1228	15.0283963533
1229	15.016439994
1230	15.0131519952
1231	15.0010461814
1232	15.0017934539
1233	15.0130025407
1234	15.0016439994
1235	14.9865490958
1236	14.9958152742
1237	14.9846061874
1238	14.9708563742
1239	14.9759378269
1240	14.9780301898
1241	14.965924376
1242	14.9716036467
1243	14.9611418323
1244	14.9623374682
1245	14.9635331042
1246	14.9467942012
1247	14.9405171125
1248	14.9457480197
1249	14.9448512928
1250	14.9458974742
1251	14.9436556569
1252	14.9400687491
1253	14.9346883874
1254	14.9427589299
1255	14.9466447467
1256	14.9444029293
1257	14.9433567479
1258	14.949484382
1259	14.9451502018
1260	14.9627858317
1261	14.9603945599
1262	14.9518756539
1263	14.9684651024
1264	14.9717531012
1265	14.9690629203
1266	14.966223285
1267	14.9505305634
1268	14.9258705724
1269	14.9339411149
1270	14.9227320281
1271	14.9116723958
1272	14.9302047527
1273	14.9363323868
1274	14.9427589299
1275	14.9447018383
1276	14.9424600209
1277	14.9370796592
1278	14.9466447467
1279	14.9532207443
1280	14.9526229263
1281	14.9612912868
1282	14.9600956509
1283	14.9594978329
1284	14.9621880137
1285	14.9524734718
1286	14.9421611119
1287	14.9518756539
1288	14.9514272904
1289	14.9562098341
1290	14.9624869227
1291	14.9641309221
1292	14.9701091018
1293	14.9678672844
1294	14.958601106
1295	14.9594978329
1296	14.9684651024
1297	14.9686145569
1298	14.9708563742
1299	14.9816170976
1300	14.9946196383
1301	15.0031385443
1302	15.0010461814
1303	15.0031385443
1304	15.0073232701
1305	15.0059781796
1306	14.9895381856
1307	14.9976087281
1308	15.0141981767
1309	15.0026901808
1310	15.0064265431
1311	15.0251083545
1312	15.0227170826
1313	15.0243610821
1314	15.0527574354
1315	15.0457330743
1316	15.0523090719
1317	15.0648632491
1318	15.0727843372
1319	15.0830966971
1320	15.100433418
1321	15.1050665072
1322	15.1026752354
1323	15.109550142
1324	15.1068599611
1325	15.1140337767
1326	15.1206097743
1327	15.1198625019
1328	15.1083545061
1329	15.1129875953
1330	15.1243461366
1331	15.1301748618
1332	15.1261395905
1333	15.1113435959
1334	15.1028246899
1335	15.11747123
1336	15.1091017785
1337	15.0993872366
1338	15.1059632342
1339	15.1185174114
1340	15.1241966821
1341	15.1537886713
1342	15.151845763
1343	15.1717232103
1344	15.1809893887
1345	15.175907936
1346	15.1788970259
1347	15.1708264833
1348	15.1712748468
1349	15.1812882977
1350	15.1874159318
1351	15.1905544762
1352	15.1824839336
1353	15.184127933
1354	15.1811388432
1355	15.1775519354
1356	15.1821850247
1357	15.1806904797
1358	15.1860708414
1359	15.2071439247
1360	15.2098341055
1361	15.2122253774
1362	15.2137199223
1363	15.2038559259
1364	15.2056493798
1365	15.2125242864
1366	15.2271708265
1367	15.244358093
1368	15.2561649978
1369	15.2494395457
1370	15.2485428187
1371	15.2534748169
1372	15.2494395457
1373	15.2467493648
1374	15.252279181
1375	15.2531759079
1376	15.2479450007
1377	15.2609475415
1378	15.2582573606
1379	15.2818711702
1380	15.2806755343
1381	15.2738006277
1382	15.2790315349
1383	15.2891944403
1384	15.2811238978
1385	15.2820206247
1386	15.2893438948
1387	15.2736511732
1388	15.2799282618
1389	15.2754446271
1390	15.269018084
1391	15.2645344493
1392	15.2533253624
1393	15.2383799133
1394	15.2253773726
1395	15.2241817367
1396	15.2222388283
1397	15.2265730085
1398	15.2241817367
1399	15.2219399193
1400	15.2128231953
1401	15.2138693768
1402	15.2029591989
1403	15.1839784786
1404	15.1670901211
1405	15.1654461217
1406	15.1566283067
1407	15.1624570318
1408	15.1425795845
1409	15.1434763115
1410	15.1464654013
1411	15.1364519504
1412	15.1292781348
1413	15.1212075923
1414	15.1052159617
1415	15.0941563294
1416	15.0802570617
1417	15.067852339
1418	15.0570916156
1419	15.0440890749
1420	15.0434912569
1421	15.0361679868
1422	15.0307876252
1423	15.0225676282
1424	15.0101629054
1425	15.0022418174
1426	14.9946196383
1427	14.9855029144
1428	14.9886414587
1429	14.982962188
1430	14.9693618293
1431	14.9533701988
1432	14.9366312958
1433	14.9140636676
1434	14.9025556718
1435	14.8865640412
1436	14.8704229562
1437	14.8650425945
1438	14.8494993275
1439	14.8364967867
1440	14.8269316993
1441	14.8127335226
1442	14.8049618891
1443	14.8019727993
1444	14.7956957107
1445	14.7803018981
1446	14.7671499029
1447	14.755940816
1448	14.7525033627
1449	14.7532506352
1450	14.7460768196
1451	14.7433866388
1452	14.7206695561
1453	14.7109550142
1454	14.7000448363
1455	14.6834553878
1456	14.6712001196
1457	14.6625317591
1458	14.6581975788
1459	14.6377223136
1460	14.630548498
1461	14.6263637722
1462	14.6272604992
1463	14.6227768644
1464	14.6202361381
1465	14.621730683
1466	14.6133612315
1467	14.6124645046
1468	14.604692871
1469	14.587655059
1470	14.5801823345
1471	14.5756986997
1472	14.55507398
1473	14.5525332536
1474	14.5505903452
1475	14.5372888955
1476	14.5408758033
1477	14.5440143476
1478	14.53011508
1479	14.538335077
1480	14.5287699895
1481	14.5323568973
1482	14.5187565386
1483	14.5141234494
1484	14.504558362
1485	14.5006725452
1486	14.5073979973
1487	14.503960544
1488	14.5178598117
1489	14.5153190853
1490	14.5195038111
1491	14.5112838141
1492	14.5053056344
1493	14.5023165446
1494	14.5054550889
1495	14.5112838141
1496	14.5065012704
1497	14.5135256314
1498	14.5174114482
1499	14.5082947243
1500	14.5096398147
1501	14.5015692722
1502	14.4987296368
1503	14.5068001793
1504	14.5112838141
1505	14.5142729039
1506	14.5337019877
1507	14.529517262
1508	14.5334030788
1509	14.5528321626
1510	14.5479001644
1511	14.5535794351
1512	14.5552234345
1513	14.5604543417
1514	14.5643401584
1515	14.5688237932
1516	14.5647885219
1517	14.5631445225
1518	14.580630698
1519	14.5869077866
1520	14.5830219698
1521	14.587953968
1522	14.5895979674
1523	14.5948288746
1524	14.596173965
1525	14.604393962
1526	14.612613959
1527	14.6303990435
1528	14.6483335824
1529	14.6529666716
1530	14.6698550291
1531	14.6695561202
1532	14.671648483
1533	14.6694066657
1534	14.6723957555
1535	14.6756837543
1536	14.6756837543
1537	14.6877895681
1538	14.6776266627
1539	14.680167389
1540	14.6849499327
1541	14.6916753848
1542	14.6989986549
1543	14.7018382902
1544	14.7042295621
1545	14.731280825
1546	14.7365117322
1547	14.7333731879
1548	14.7447317292
1549	14.7468240921
1550	14.7463757286
1551	14.7547451801
1552	14.755940816
1553	14.7640113585
1554	14.7586309969
1555	14.7749215364
1556	14.773277537
1557	14.790614258
1558	14.7895680765
1559	14.7904648035
1560	14.7907637124
1561	14.7795546256
1562	14.789418622
1563	14.7919593484
1564	14.8019727993
1565	14.8066058885
1566	14.8161709759
1567	14.8161709759
1568	14.8091466149
1569	14.8269316993
1570	14.8308175161
1571	14.8288746077
1572	14.8460618742
1573	14.8499476909
1574	14.8456135107
1575	14.8480047825
1576	14.8568225975
1577	14.8617545957
1578	14.8666865939
1579	14.8633985951
1580	14.8674338664
1581	14.8771484083
1582	14.8717680466
1583	14.8802869526
1584	14.8853684053
1585	14.8858167688
1586	14.8687789568
1587	14.8614556867
1588	14.8659393215
1589	14.8587655059
1590	14.8613062323
1591	14.83993424
1592	14.8393364221
1593	14.8426244209
1594	14.8333582424
1595	14.8257360634
1596	14.8116873412
1597	14.8045135256
1598	14.8009266178
1599	14.7961440741
1600	14.7892691675
1601	14.7825437154
1602	14.7722313556
1603	14.7629651771
1604	14.755641907
1605	14.7538484531
1606	14.7535495442
1607	14.7547451801
1608	14.7438350022
1609	14.7454790016
1610	14.723060828
1611	14.7360633687
1612	14.74009864
1613	14.7463757286
1614	14.7484680915
1615	14.7447317292
1616	14.7420415483
1617	14.7460768196
1618	14.7330742789
1619	14.7270960992
1620	14.7354655507
1621	14.7290390076
1622	14.7194739202
1623	14.7163353759
1624	14.7127484681
1625	14.697803019
1626	14.6928710208
1627	14.6948139292
1628	14.6931699298
1629	14.6997459274
1630	14.6837542968
1631	14.6797190256
1632	14.6806157525
1633	14.6750859363
1634	14.6667164848
1635	14.6601404872
1636	14.6550590345
1637	14.6481841279
1638	14.6587953968
1639	14.6511732178
1640	14.6435510387
1641	14.6419070393
1642	14.6356299507
1643	14.6286055896
1644	14.6368255866
1645	14.6290539531
1646	14.6215812285
1647	14.6232252279
1648	14.6191899567
1649	14.6172470483
1650	14.6090270513
1651	14.5985652369
1652	14.5904946944
1653	14.5897474219
1654	14.5842176057
1655	14.5825736063
1656	14.5725601554
1657	14.562696159
1658	14.571812883
1659	14.5840681512
1660	14.5910925123
1661	14.5779405171
1662	14.5872066956
1663	14.5813779704
1664	14.5895979674
1665	14.5858616051
1666	14.5881034225
1667	14.5951277836
1668	14.6036466896
1669	14.6040950531
1670	14.6051412345
1671	14.5987146914
1672	14.6015543267
1673	14.5999103273
1674	14.6040950531
1675	14.6136601405
1676	14.6078314153
1677	14.6082797788
1678	14.6124645046
1679	14.6099237782
1680	14.6081303243
1681	14.6078314153
1682	14.6014048722
1683	14.6142579585
1684	14.6091765058
1685	14.6048423255
1686	14.6002092363
1687	14.604692871
1688	14.6073830519
1689	14.6091765058
1690	14.6096248692
1691	14.6082797788
1692	14.6090270513
1693	14.6011059632
1694	14.6075325064
1695	14.6159019579
1696	14.6202361381
1697	14.6345837692
1698	14.6531161261
1699	14.6626812136
1700	14.6680615753
1701	14.6656703034
1702	14.6538633986
1703	14.6610372142
1704	14.6586459423
1705	14.655507398
1706	14.6577492154
1707	14.6701539381
1708	14.6720968465
1709	14.6770288447
1710	14.6874906591
1711	14.6791212076
1712	14.6786728441
1713	14.6856972052
1714	14.6958601106
1715	14.6919742938
1716	14.7019877447
1717	14.7033328352
1718	14.7055746525
1719	14.7161859214
1720	14.7263488268
1721	14.7332237334
1722	14.7314302795
1723	14.7327753699
1724	14.7363622777
1725	14.7424899118
1726	14.7525033627
1727	14.7445822747
1728	14.7608728142
1729	14.7674488118
1730	14.7795546256
1731	14.7841877148
1732	14.7889702586
1733	14.7882229861
1734	14.8015244358
1735	14.8031684352
1736	14.8054102526
1737	14.8072037065
1738	14.7968913466
1739	14.7947989837
1740	14.8012255268
1741	14.8019727993
1742	14.8007771634
1743	14.8142280676
1744	14.8205051562
1745	14.8181138843
1746	14.8176655208
1747	14.8239426095
1748	14.8173666119
1749	14.8157226125
1750	14.8161709759
1751	14.8131818861
1752	14.8282767897
1753	14.8275295173
1754	14.8278284262
1755	14.8367956957
1756	14.8297713346
1757	14.8285756987
1758	14.8372440592
1759	14.8341055149
1760	14.8276789718
1761	14.8382902406
1762	14.8444178748
1763	14.8364967867
1764	14.8387386041
1765	14.8496487819
1766	14.8595127784
1767	14.8557764161
1768	14.8454640562
1769	14.8296218801
1770	14.8245404274
1771	14.8060080705
1772	14.7889702586
1773	14.7838888059
1774	14.7791062621
1775	14.7819458975
1776	14.7747720819
1777	14.7865789867
1778	14.7807502615
1779	14.7740248094
1780	14.7531011807
1781	14.7460768196
1782	14.7405470034
1783	14.7284411897
1784	14.7248542819
1785	14.7197728292
1786	14.7117022867
1787	14.6936182932
1788	14.680765207
1789	14.6673143028
1790	14.6617844866
1791	14.6611866687
1792	14.6517710357
1793	14.6422059483
1794	14.6356299507
1795	14.6215812285
1796	14.6167986848
1797	14.6221790465
1798	14.6160514123
1799	14.6012554177
1800	14.5997608728
1801	14.5776416081
1802	14.571215065
1803	14.5516365267
1804	14.528919444
1805	14.5112838141
1806	14.4999252728
1807	14.4851292781
1808	14.4677925572
1809	14.4547900164
1810	14.44492602
1811	14.4468689284
1812	14.4506052907
1813	14.4414885667
1814	14.4450754745
1815	14.4420863847
1816	14.4311762068
1817	14.4225078464
1818	14.4145867583
1819	14.3994918547
1820	14.3760274996
1821	14.3799133164
1822	14.378867135
1823	14.3800627709
1824	14.3863398595
1825	14.3805111344
1826	14.3648184128
1827	14.3540576894
1828	14.3489762367
1829	14.3429980571
1830	14.3416529667
1831	14.3226722463
1832	14.3166940667
1833	14.3057838888
1834	14.2920340756
1835	14.2773875355
1836	14.2791809894
1837	14.2711104469
1838	14.2548199073
1839	14.2503362726
1840	14.2536242714
1841	14.2640860858
1842	14.2672246301
1843	14.2648333582
1844	14.2642355403
1845	14.2685697205
1846	14.2739500822
1847	14.2675235391
1848	14.2658795397
1849	14.2654311762
1850	14.2477955463
1851	14.2385293678
1852	14.2303093708
1853	14.2347930055
1854	14.226124645
1855	14.2201464654
1856	14.2177551935
1857	14.2062471977
1858	14.2041548349
1859	14.201763563
1860	14.1971304738
1861	14.2013151995
1862	14.2001195636
1863	14.1904050217
1864	14.1820355702
1865	14.1777013899
1866	14.1787475714
1867	14.1774024809
1868	14.1839784786
1869	14.1889104768
1870	14.1796442983
1871	14.1711253923
1872	14.1696308474
1873	14.1732177552
1874	14.1811388432
1875	14.1744133911
1876	14.1797937528
1877	14.1829322971
1878	14.1829322971
1879	14.1832312061
1880	14.1821850247
1881	14.1889104768
1882	14.1927962935
1883	14.1899566582
1884	14.1908533851
1885	14.1898072037
1886	14.1805410253
1887	14.1736661187
1888	14.1829322971
1889	14.1830817516
1890	14.185622478
1891	14.1930952025
1892	14.1969810193
1893	14.2164101031
1894	14.2135704678
1895	14.2138693768
1896	14.209684651
1897	14.2002690181
1898	14.192945748
1899	14.1981766552
1900	14.2128231953
1901	14.2090868331
1902	14.218203557
1903	14.2229861007
1904	14.2340457331
1905	14.2298610073
1906	14.2404722762
1907	14.2448064564
1908	14.252876999
1909	14.2560155433
1910	14.2615453594
1911	14.2651322672
1912	14.2708115379
1913	14.268719175
1914	14.2767897175
1915	14.2827678972
1916	14.2782842624
1917	14.2872515319
1918	14.2993573457
1919	14.2932297116
1920	14.2999551637
1921	14.2920340756
1922	14.2902406217
1923	14.2987595277
1924	14.3071289792
1925	14.3126587954
1926	14.3262591541
1927	14.335973696
1928	14.3464355104
1929	14.3574951427
1930	14.3637722314
1931	14.369451502
1932	14.3809594978
1933	14.3984456733
1934	14.4156329398
1935	14.4186220296
1936	14.4268420266
1937	14.4265431176
1938	14.4380511134
1939	14.4356598416
1940	14.4343147512
1941	14.4417874757
1942	14.4379016589
1943	14.4349125691
1944	14.4328202062
1945	14.4326707518
1946	14.4302794799
1947	14.4308772979
1948	14.4384994769
1949	14.4361082051
1950	14.4335674787
1951	14.4464205649
1952	14.4480645643
1953	14.445224929
1954	14.4405918398
1955	14.4538932895
1956	14.4492602003
1957	14.4485129278
1958	14.4408907488
1959	14.4483634733
1960	14.4389478404
1961	14.4214616649
1962	14.4139889404
1963	14.419668211
1964	14.4121954865
1965	14.4078613062
1966	14.3924674936
1967	14.3808100433
1968	14.378568226
1969	14.3740845912
1970	14.3763264086
1971	14.3706471379
1972	14.37004932
1973	14.3639216858
1974	14.3583918697
1975	14.3585413242
1976	14.352712599
1977	14.3461366014
1978	14.3419518757
1979	14.3371693319
1980	14.3377671499
1981	14.3258107906
1982	14.3078762517
1983	14.310715887
1984	14.2993573457
1985	14.2927813481
1986	14.294574802
1987	14.2894933493
1988	14.2923329846
1989	14.2842624421
1990	14.286354805
1991	14.2818711702
1992	14.2826184427
1993	14.2891944403
1994	14.293678075
1995	14.2947242565
1996	14.2947242565
1997	14.2968166193
1998	14.3050366164
1999	14.285458078
2000	14.2832162606
