-2000	31.8832760424
-1990	31.8758033179
-1980	31.8447167837
-1970	31.8348527873
-1960	31.8200567927
-1950	31.8539829622
-1940	31.8529367808
-1930	31.8118367957
-1920	31.8777462263
-1910	31.9417127485
-1900	31.9916305485
-1890	32.0708414288
-1880	32.093110148
-1870	32.0896726947
-1860	32.0745777911
-1850	32.100433418
-1840	32.0500672545
-1830	32.0109101779
-1820	31.923628755
-1810	31.8430727843
-1800	31.8287251532
-1790	31.8672844119
-1780	31.8580182334
-1770	31.891047676
-1760	31.9237782095
-1750	31.9974592737
-1740	32.1380959498
-1730	32.184127933
-1720	32.2367359139
-1710	32.2216410103
-1700	32.1780002989
-1690	32.1627559408
-1680	32.0896726947
-1670	31.9859512778
-1660	31.8870124047
-1650	31.7971902556
-1640	31.7179793753
-1630	31.772679719
-1620	31.7998804364
-1610	31.8489015095
-1600	31.8778956808
-1590	32.0064265431
-1580	32.0874308773
-1570	32.1364519504
-1560	32.1343595875
-1550	32.0488716186
-1540	31.9476909281
-1530	31.9021073083
-1520	31.7604244508
-1510	31.6386190405
-1500	31.5887012405
-1490	31.5187565386
-1480	31.4936481841
-1470	31.5786877896
-1460	31.6595426693
-1450	31.7795546256
-1440	31.8601105963
-1430	31.9850545509
-1420	32.0700941563
-1410	32.133911224
-1400	32.167687939
-1390	32.1525930354
-1380	32.133911224
-1370	32.1279330444
-1360	32.1703781199
-1350	32.1113435959
-1340	32.151845763
-1330	32.1029741444
-1320	32.1479599462
-1310	32.2104319235
-1300	32.2235839187
-1290	32.2286653714
-1280	32.2811238978
-1270	32.3594380511
-1260	32.4667463757
-1250	32.5994619638
-1240	32.6562546705
-1230	32.6593932148
-1220	32.6749364818
-1210	32.5978179644
-1200	32.5446121656
-1190	32.5260798087
-1180	32.3764758631
-1170	32.3063817068
-1160	32.2566133612
-1150	32.1742639366
-1140	32.1736661187
-1130	32.1587206696
-1120	32.0697952473
-1110	32.1484083097
-1100	32.3051860708
-1090	32.411747123
-1080	32.5525332536
-1070	32.7125990136
-1060	32.7705873562
-1050	32.898669855
-1040	32.9898370946
-1030	32.9423105664
-1020	32.948886564
-1010	32.8786429532
-1000	32.7844866238
-990	32.8369451502
-980	32.8273800628
-970	32.7545957256
-960	32.7345688238
-950	32.7637124496
-940	32.8735615005
-930	33.0481243461
-920	33.1951875654
-910	33.2808249888
-900	33.4456732925
-890	33.5640412494
-880	33.6818113884
-870	33.7566880885
-860	33.8034673442
-850	33.7096099238
-840	33.7108055597
-830	33.6641757585
-820	33.5768943357
-810	33.4912569123
-800	33.4189209386
-790	33.3391122403
-780	33.3114631595
-770	33.3707965924
-760	33.4432820206
-750	33.5603048872
-740	33.756538634
-730	33.8515916903
-720	34.0349723509
-710	34.2069944702
-700	34.2729039008
-690	34.2842624421
-680	34.3293976984
-670	34.2835151696
-660	34.2797788074
-650	34.2395755492
-640	34.1796442983
-630	34.1394410402
-620	34.1854730235
-610	34.1995217456
-600	34.2841129876
-590	34.4213122104
-580	34.5520848902
-570	34.7111044687
-560	34.8971753101
-550	34.958003288
-540	35.1312210432
-530	35.2823195337
-520	35.3319384247
-510	35.3299955164
-500	35.2648333582
-490	35.1499028546
-480	35.0557465252
-470	34.9769840084
-460	34.8212524286
-450	34.7569869975
-440	34.7634135406
-430	34.773576446
-420	34.8517411448
-410	34.9692123748
-400	35.0439396204
-390	35.2060977432
-380	35.3709460469
-370	35.4189209386
-360	35.5369899865
-350	35.6275594082
-340	35.6396652219
-330	35.5864594231
-320	35.5517859812
-310	35.4396951128
-300	35.427888208
-290	35.3927664026
-280	35.3965027649
-270	35.4147362128
-260	35.55507398
-250	35.7061724705
-240	35.9065909431
-230	36.0487221641
-220	36.1551337618
-210	36.3160962487
-200	36.4383500224
-190	36.5111343596
-180	36.5198027201
-170	36.4600209236
-160	36.2847108056
-150	36.22761919
-140	36.0696457929
-130	35.9624869227
-120	35.9929756389
-110	36.4207143925
-100	36.3471827828
-90	36.3722911373
-80	36.2249290091
-70	35.8453146017
-60	35.3332835152
-50	34.5150201764
-40	33.2331490061
-30	32.0185323569
-20	30.7885218951
-10	29.4909580033
0	28.3093707966
10	27.1310715887
20	25.9279629353
30	24.6782244806
40	23.8789418622
50	23.0357196234
60	22.4054700344
70	21.932147661
80	21.6311463159
90	21.5313107159
100	21.6833059333
110	21.7901658945
120	21.9384247497
130	22.2442086385
140	22.562696159
150	22.9615901958
160	23.4431325661
170	23.965924376
180	24.5573157973
190	25.1261395905
200	25.6321924974
210	26.1857719324
220	26.6894335675
230	27.1920490211
240	27.5313107159
250	27.8267822448
260	28.1522941264
270	28.4240023913
280	28.7102077417
290	28.9623374682
300	29.1678373935
310	29.4410402033
320	29.6749364818
330	29.9650276491
340	30.2205948289
350	30.5615005231
360	30.9015094904
370	31.1620086684
380	31.4662980123
390	31.7015393813
400	31.9189956658
410	32.1047675983
420	32.1838290241
430	32.2038559259
440	32.2126737408
450	32.1916006576
460	32.1510984905
470	32.2052010163
480	32.2277686444
490	32.3087729786
500	32.3927664026
510	32.5012703632
520	32.6756837543
530	32.8808847706
540	33.0349723509
550	33.192646839
560	33.336272605
570	33.4136900314
580	33.4846809147
590	33.4855776416
600	33.4240023913
610	33.3446420565
620	33.3059333433
630	33.1993722911
640	33.1280824989
650	33.0907188761
660	33.0968465102
670	33.1034225078
680	33.1403377671
690	33.2419668211
700	33.3237184277
710	33.4594231057
720	33.5583619788
730	33.5936332387
740	33.6111194141
750	33.6537139441
760	33.5496936183
770	33.4801972799
780	33.3048871619
790	33.2222388283
800	33.1216559558
810	33.034075624
820	33.0548497982
830	33.0608279779
840	33.1156777761
850	33.1736661187
860	33.268121357
870	33.3146017038
880	33.3897773128
890	33.4981318189
900	33.5625467045
910	33.5591092512
920	33.5866088776
930	33.4912569123
940	33.4721267374
950	33.4217605739
960	33.3273053355
970	33.2117770139
980	33.2098341055
990	33.2141682858
1000	33.2836646241
