-2000	33.1519952175
-1999	33.1487072187
-1998	33.1576744881
-1997	33.1667912121
-1996	33.1623075773
-1995	33.1528919444
-1994	33.1434763115
-1993	33.1425795845
-1992	33.1410850396
-1991	33.1358541324
-1990	33.1530413989
-1989	33.1534897624
-1988	33.1643999402
-1987	33.1418323121
-1986	33.1316694067
-1985	33.1404872216
-1984	33.1415334031
-1983	33.1475115827
-1982	33.1460170378
-1981	33.1336123151
-1980	33.1439246749
-1979	33.1371992228
-1978	33.1261395905
-1977	33.1355552234
-1976	33.1479599462
-1975	33.1578239426
-1974	33.1500523091
-1973	33.1481094007
-1972	33.1548348528
-1971	33.1751606636
-1970	33.1724704827
-1969	33.1727693917
-1968	33.1652966672
-1967	33.1675384845
-1966	33.1678373935
-1965	33.1709759378
-1964	33.1516963085
-1963	33.1490061276
-1962	33.1493050366
-1961	33.1470632192
-1960	33.1419817666
-1959	33.1373486773
-1958	33.1201614109
-1957	33.143027948
-1956	33.1699297564
-1955	33.1575250336
-1954	33.1457181288
-1953	33.1499028546
-1952	33.1499028546
-1951	33.1355552234
-1950	33.1422806755
-1949	33.1487072187
-1948	33.1617097594
-1947	33.1602152145
-1946	33.1572261246
-1945	33.1649977582
-1944	33.1500523091
-1943	33.1651472127
-1942	33.1787475714
-1941	33.2056493798
-1940	33.1957853834
-1939	33.2078911971
-1938	33.2376326409
-1937	33.2621431774
-1936	33.2740995367
-1935	33.2897922583
-1934	33.3166940667
-1933	33.3038409804
-1932	33.3205798834
-1931	33.3240173367
-1930	33.3485278733
-1929	33.3513675086
-1928	33.3589896876
-1927	33.3585413242
-1926	33.3515169631
-1925	33.360633687
-1924	33.3558511433
-1923	33.3604842326
-1922	33.3561500523
-1921	33.3525631445
-1920	33.3619787775
-1919	33.3552533254
-1918	33.3519653266
-1917	33.3409056942
-1916	33.3419518757
-1915	33.3426991481
-1914	33.369451502
-1913	33.3890300404
-1912	33.3793154984
-1911	33.386489314
-1910	33.3818562248
-1909	33.3999402182
-1908	33.4141383949
-1907	33.419369302
-1906	33.4253474817
-1905	33.4379016589
-1904	33.4296816619
-1903	33.4314751158
-1902	33.4163802122
-1901	33.4133911224
-1900	33.4012853086
-1899	33.3855925871
-1898	33.3643700493
-1897	33.3837991332
-1896	33.3899267673
-1895	33.3979973098
-1894	33.402929308
-1893	33.4265431176
-1892	33.4130922134
-1891	33.4248991182
-1890	33.4244507547
-1889	33.4063667613
-1888	33.3981467643
-1887	33.4118965775
-1886	33.4237034823
-1885	33.428486026
-1884	33.4159318488
-1883	33.4093558511
-1882	33.4108503961
-1881	33.4166791212
-1880	33.4107009416
-1879	33.4139889404
-1878	33.4190703931
-1877	33.4112987595
-1876	33.4180242116
-1875	33.4092063967
-1874	33.4011358541
-1873	33.411747123
-1872	33.3957554925
-1871	33.395307129
-1870	33.377671499
-1869	33.3737856823
-1868	33.3663129577
-1867	33.3766253176
-1866	33.3654162308
-1865	33.3435958751
-1864	33.3355253325
-1863	33.3334329697
-1862	33.3374682409
-1861	33.3262591541
-1860	33.3316395158
-1859	33.3196831565
-1858	33.3183380661
-1857	33.2993573457
-1856	33.2805260798
-1855	33.2646839038
-1854	33.2540726349
-1853	33.2457031834
-1852	33.2371842774
-1851	33.2243311912
-1850	33.2029591989
-1849	33.2028097444
-1848	33.1959348378
-1847	33.1896577492
-1846	33.2029591989
-1845	33.192945748
-1844	33.1916006576
-1843	33.1763562995
-1842	33.1806904797
-1841	33.1694813929
-1840	33.1490061276
-1839	33.1572261246
-1838	33.1507995815
-1837	33.1410850396
-1836	33.118367957
-1835	33.1073083246
-1834	33.0962486923
-1833	33.083993424
-1832	33.0790614258
-1831	33.0608279779
-1830	33.0588850695
-1829	33.0668061575
-1828	33.0683007024
-1827	33.075773427
-1826	33.0801076072
-1825	33.0884770587
-1824	33.0824988791
-1823	33.0657599761
-1822	33.050814527
-1821	33.059333433
-1820	33.0384098042
-1819	33.0431923479
-1818	33.0412494395
-1817	33.0424450755
-1816	33.0691974294
-1815	33.0801076072
-1814	33.0696457929
-1813	33.066955612
-1812	33.0724854282
-1811	33.0865341504
-1810	33.0804065162
-1809	33.0726348827
-1808	33.0693468839
-1807	33.0739799731
-1806	33.0685996114
-1805	33.0735316096
-1804	33.0777163354
-1803	33.066955612
-1802	33.066955612
-1801	33.067852339
-1800	33.0653116126
-1799	33.0792108803
-1798	33.084292333
-1797	33.0823494246
-1796	33.0887759677
-1795	33.0865341504
-1794	33.0830966971
-1793	33.0947541474
-1792	33.0963981468
-1791	33.0974443282
-1790	33.1035719623
-1789	33.0835450605
-1788	33.0709908833
-1787	33.0685996114
-1786	33.0871319683
-1785	33.0844417875
-1784	33.0889254222
-1783	33.092811239
-1782	33.1111941414
-1781	33.1206097743
-1780	33.1333134061
-1779	33.1301748618
-1778	33.1394410402
-1777	33.1533403079
-1776	33.1672395755
-1775	33.1661933941
-1774	33.1742639366
-1773	33.176505754
-1772	33.1785981169
-1771	33.1699297564
-1770	33.1717232103
-1769	33.1691824839
-1768	33.1709759378
-1767	33.1924973845
-1766	33.1809893887
-1765	33.2001195636
-1764	33.2150650127
-1763	33.2244806456
-1762	33.2265730085
-1761	33.2394260948
-1760	33.2464504558
-1759	33.2373337319
-1758	33.2551188163
-1757	33.2637871768
-1756	33.2740995367
-1755	33.2944253475
-1754	33.3080257062
-1753	33.3134060679
-1752	33.3029442535
-1751	33.3023464355
-1750	33.3150500673
-1749	33.3391122403
-1748	33.34509042
-1747	33.3485278733
-1746	33.352114781
-1745	33.3540576894
-1744	33.3534598715
-1743	33.3461366014
-1742	33.3474816918
-1741	33.3456882379
-1740	33.3465849649
-1739	33.3301449709
-1738	33.3226722463
-1737	33.3415035122
-1736	33.3516664176
-1735	33.3555522343
-1734	33.3634733224
-1733	33.3633238679
-1732	33.3571962337
-1731	33.360633687
-1730	33.3639216858
-1729	33.3592885966
-1728	33.3591391421
-1727	33.3512180541
-1726	33.3471827828
-1725	33.3631744134
-1724	33.3769242266
-1723	33.3640711403
-1722	33.3642205948
-1721	33.353609326
-1720	33.3407562397
-1719	33.3379166044
-1718	33.3310416978
-1717	33.3238678822
-1716	33.3426991481
-1715	33.3489762367
-1714	33.3516664176
-1713	33.3389627858
-1712	33.3415035122
-1711	33.3282020625
-1710	33.3264086086
-1709	33.3125093409
-1708	33.3056344343
-1707	33.3029442535
-1706	33.2962188014
-1705	33.2927813481
-1704	33.2885966223
-1703	33.2757435361
-1702	33.2715588103
-1701	33.261096996
-1700	33.2509340906
-1699	33.2449559109
-1698	33.243461366
-1697	33.2628904499
-1696	33.2745479002
-1695	33.2717082648
-1694	33.269615902
-1693	33.2805260798
-1692	33.2724555373
-1691	33.2776864445
-1690	33.2791809894
-1689	33.2862053505
-1688	33.2788820804
-1687	33.2751457181
-1686	33.2811238978
-1685	33.2888955313
-1684	33.2900911672
-1683	33.2839635331
-1682	33.252876999
-1681	33.2436108205
-1680	33.2303093708
-1679	33.2285159169
-1678	33.2258257361
-1677	33.2286653714
-1676	33.2140188313
-1675	33.2110297414
-1674	33.2156628307
-1673	33.2268719175
-1672	33.2316544612
-1671	33.2303093708
-1670	33.2274697355
-1669	33.2386788223
-1668	33.2491406367
-1667	33.2498879091
-1666	33.2621431774
-1665	33.2727544463
-1664	33.269615902
-1663	33.2853086235
-1662	33.2820206247
-1661	33.2678224481
-1660	33.2628904499
-1659	33.2625915409
-1658	33.2613959049
-1657	33.2640860858
-1656	33.2596024511
-1655	33.2743984457
-1654	33.2903900762
-1653	33.2859064415
-1652	33.2702137199
-1651	33.2609475415
-1650	33.2461515469
-1649	33.2359886415
-1648	33.2344940965
-1647	33.243760275
-1646	33.2549693618
-1645	33.2697653564
-1644	33.2790315349
-1643	33.2784337169
-1642	33.2839635331
-1641	33.2818711702
-1640	33.2853086235
-1639	33.2732028097
-1638	33.2956209834
-1637	33.3015991631
-1636	33.3207293379
-1635	33.3302944253
-1634	33.3276042445
-1633	33.3358242415
-1632	33.3558511433
-1631	33.3737856823
-1630	33.3878344044
-1629	33.4066656703
-1628	33.4105514871
-1627	33.4129427589
-1626	33.4154834853
-1625	33.4353609326
-1624	33.4404423853
-1623	33.4416380212
-1622	33.4337169332
-1621	33.4335674787
-1620	33.4328202062
-1619	33.4332685697
-1618	33.4356598416
-1617	33.445822747
-1616	33.4671947392
-1615	33.4769092811
-1614	33.4915558213
-1613	33.4987296368
-1612	33.4920041847
-1611	33.4845314602
-1610	33.4686892841
-1609	33.4801972799
-1608	33.479300553
-1607	33.4933492751
-1606	33.4958900015
-1605	33.5017187266
-1604	33.504259453
-1603	33.5054550889
-1602	33.5156179943
-1601	33.5141234494
-1600	33.504259453
-1599	33.5063518159
-1598	33.5021670901
-1597	33.5057539979
-1596	33.4988790913
-1595	33.4861754596
-1594	33.4860260051
-1593	33.4887161859
-1592	33.4737707368
-1591	33.4618143775
-1590	33.4450754745
-1589	33.4344642056
-1588	33.4518009266
-1587	33.4601703781
-1586	33.4571812883
-1585	33.4538932895
-1584	33.4580780152
-1583	33.4700343745
-1582	33.4553878344
-1581	33.445822747
-1580	33.4429831116
-1579	33.4353609326
-1578	33.4268420266
-1577	33.4423852937
-1576	33.4422358392
-1575	33.4606187416
-1574	33.4473172919
-1573	33.4404423853
-1572	33.4462711104
-1571	33.4401434763
-1570	33.4271409356
-1569	33.4274398446
-1568	33.4275892991
-1567	33.4051711254
-1566	33.4186220296
-1565	33.4065162158
-1564	33.4066656703
-1563	33.4063667613
-1562	33.3978478553
-1561	33.3909729487
-1560	33.3748318637
-1559	33.3446420565
-1558	33.335375878
-1557	33.3316395158
-1556	33.3126587954
-1555	33.3092213421
-1554	33.3017486175
-1553	33.2980122553
-1552	33.2791809894
-1551	33.25257809
-1550	33.2313555522
-1549	33.2518308175
-1548	33.2418173666
-1547	33.2464504558
-1546	33.2337468241
-1545	33.2077417426
-1544	33.2005679271
-1543	33.1730683007
-1542	33.1599163055
-1541	33.1485577642
-1540	33.1442235839
-1539	33.1376475863
-1538	33.1297264983
-1537	33.1319683156
-1536	33.1270363174
-1535	33.1107457779
-1534	33.0937079659
-1533	33.0965476013
-1532	33.0851890599
-1531	33.0780152444
-1530	33.0733821551
-1529	33.0569421611
-1528	33.0609774324
-1527	33.0632192497
-1526	33.0642654312
-1525	33.0677028845
-1524	33.0817516066
-1523	33.0799581527
-1522	33.0883276042
-1521	33.084591242
-1520	33.09251233
-1519	33.1073083246
-1518	33.1119414138
-1517	33.1076072336
-1516	33.1273352264
-1515	33.1195635929
-1514	33.125691227
-1513	33.1221043192
-1512	33.1179195935
-1511	33.1213570468
-1510	33.1227021372
-1509	33.133911224
-1508	33.1380959498
-1507	33.1304737707
-1506	33.1530413989
-1505	33.1609624869
-1504	33.1633537588
-1503	33.168883575
-1502	33.1525930354
-1501	33.1615603049
-1500	33.1720221193
-1499	33.1666417576
-1498	33.1812882977
-1497	33.1883126588
-1496	33.1889104768
-1495	33.1905544762
-1494	33.2119264684
-1493	33.2104319235
-1492	33.2204453744
-1491	33.2322522792
-1490	33.2223882828
-1489	33.210282469
-1488	33.2201464654
-1487	33.2343446421
-1486	33.2575100882
-1485	33.2708115379
-1484	33.2615453594
-1483	33.2809744433
-1482	33.2740995367
-1481	33.2865042595
-1480	33.2978628008
-1479	33.3126587954
-1478	33.3317889703
-1477	33.3424002391
-1476	33.3470333284
-1475	33.3576445972
-1474	33.3562995068
-1473	33.3673591391
-1472	33.3900762218
-1471	33.3938125841
-1470	33.4023314901
-1469	33.4263936631
-1468	33.4519503811
-1467	33.4556867434
-1466	33.4695860111
-1465	33.5068001793
-1464	33.5375878045
-1463	33.5609027051
-1462	33.5830219698
-1461	33.5887012405
-1460	33.5863099686
-1459	33.5890001495
-1458	33.5969212375
-1457	33.6091765058
-1456	33.60499178
-1455	33.612912868
-1454	33.622029592
-1453	33.6224779555
-1452	33.6239725004
-1451	33.6064863249
-1450	33.6263637722
-1449	33.6306979525
-1448	33.6323419519
-1447	33.6426543118
-1446	33.6274099537
-1445	33.6205350471
-1444	33.629651771
-1443	33.6212823195
-1442	33.6102226872
-1441	33.6159019579
-1440	33.6339859513
-1439	33.6408608579
-1438	33.6365266776
-1437	33.6244208638
-1436	33.6227768644
-1435	33.6227768644
-1434	33.6453444926
-1433	33.6229263189
-1432	33.6323419519
-1431	33.621132865
-1430	33.6185921387
-1429	33.6257659543
-1428	33.6202361381
-1427	33.6154535944
-1426	33.6067852339
-1425	33.6031983261
-1424	33.605290689
-1423	33.5946794201
-1422	33.5848154237
-1421	33.579435062
-1420	33.5677776117
-1419	33.546256165
-1418	33.5344492602
-1417	33.5187565386
-1416	33.5362427141
-1415	33.511881632
-1414	33.5114332686
-1413	33.496039456
-1412	33.4755641907
-1411	33.4837841877
-1410	33.4867732775
-1409	33.4945449111
-1408	33.486922732
-1407	33.478403826
-1406	33.4676431027
-1405	33.4507547452
-1404	33.4453743835
-1403	33.4262442086
-1402	33.420266029
-1401	33.3999402182
-1400	33.361231505
-1399	33.3471827828
-1398	33.3326856972
-1397	33.3246151547
-1396	33.2911373487
-1395	33.2483933642
-1394	33.235839187
-1393	33.2208937379
-1392	33.1869675684
-1391	33.1505006725
-1390	33.1221043192
-1389	33.0914661486
-1388	33.0904199671
-1387	33.0814526977
-1386	33.0681512479
-1385	33.0536541623
-1384	33.0298908982
-1383	33.033776715
-1382	33.0106112689
-1381	32.9820654611
-1380	32.9669705575
-1379	32.9571065611
-1378	32.9554625616
-1377	32.9227320281
-1376	32.9021073083
-1375	32.8997160365
-1374	32.8805858616
-1373	32.866088776
-1372	32.8696756838
-1371	32.8447167837
-1370	32.8375429682
-1369	32.8332087879
-1368	32.8194589747
-1367	32.7977880735
-1366	32.7895680765
-1365	32.7711851741
-1364	32.7714840831
-1363	32.748617546
-1362	32.7468240921
-1361	32.7242564639
-1360	32.7300851891
-1359	32.7143924675
-1358	32.7250037364
-1357	32.7353160962
-1356	32.7291884621
-1355	32.7241070094
-1354	32.7209684651
-1353	32.723359737
-1352	32.7185771932
-1351	32.7004931998
-1350	32.7099088328
-1349	32.7149902855
-1348	32.7158870124
-1347	32.7241070094
-1346	32.7278433717
-1345	32.7409953669
-1344	32.7534000897
-1343	32.7368106412
-1342	32.7529517262
-1341	32.7525033627
-1340	32.7514571813
-1339	32.7574353609
-1338	32.7517560903
-1337	32.7348677328
-1336	32.730981916
-1335	32.7263488268
-1334	32.7375579136
-1333	32.7444328202
-1332	32.7548946346
-1331	32.757136452
-1330	32.7659542669
-1329	32.7643102675
-1328	32.7970408011
-1327	32.8373935137
-1326	32.840532058
-1325	32.8486026005
-1324	32.8598116873
-1323	32.8581676879
-1322	32.8810342251
-1321	32.8855178598
-1320	32.890748767
-1319	32.9024062173
-1318	32.9305036616
-1317	32.9436556569
-1316	32.9690629203
-1315	32.9636825587
-1314	32.9722014647
-1313	32.9983560006
-1312	33.0122552683
-1311	33.033477806
-1310	33.0352712599
-1309	33.0434912569
-1308	33.0691974294
-1307	33.0955014198
-1306	33.101031236
-1305	33.1104468689
-1304	33.1321177701
-1303	33.1661933941
-1302	33.177103572
-1301	33.1930952025
-1300	33.2111791959
-1299	33.2137199223
-1298	33.2409206397
-1297	33.2554177253
-1296	33.2640860858
-1295	33.2724555373
-1294	33.2718577193
-1293	33.2879988044
-1292	33.3026453445
-1291	33.3157973397
-1290	33.3346286056
-1289	33.3415035122
-1288	33.3715438649
-1287	33.3887311314
-1286	33.4109998505
-1285	33.4130922134
-1284	33.4154834853
-1283	33.4337169332
-1282	33.4588252877
-1281	33.4658496488
-1280	33.4643551039
-1279	33.453444926
-1278	33.4670452847
-1277	33.4748169182
-1276	33.4837841877
-1275	33.4854281871
-1274	33.4788521895
-1273	33.4851292781
-1272	33.4749663727
-1271	33.4757136452
-1270	33.4885667314
-1269	33.4873710955
-1268	33.4923030937
-1267	33.4831863698
-1266	33.486623823
-1265	33.4827380063
-1264	33.4824390973
-1263	33.4931998207
-1262	33.5009714542
-1261	33.4949932745
-1260	33.4909580033
-1259	33.4828874608
-1258	33.4725751009
-1257	33.4586758332
-1256	33.445822747
-1255	33.4153340308
-1254	33.3803616799
-1253	33.3742340457
-1252	33.3627260499
-1251	33.3419518757
-1250	33.344193693
-1249	33.3279031535
-1248	33.3141533403
-1247	33.3054849798
-1246	33.2871020774
-1245	33.260798087
-1244	33.2557166343
-1243	33.2382304588
-1242	33.2338962786
-1241	33.2258257361
-1240	33.2167090121
-1239	33.2043042893
-1238	33.1947392019
-1237	33.202062472
-1236	33.2047526528
-1235	33.1890599313
-1234	33.1635032133
-1233	33.1484083097
-1232	33.1336123151
-1231	33.1028246899
-1230	33.0718876102
-1229	33.0464803467
-1228	33.0318338066
-1227	33.0310865342
-1226	33.0248094455
-1225	33.0125541773
-1224	33.0047825437
-1223	33.0022418174
-1222	32.9878941862
-1221	32.9844567329
-1220	32.9606934688
-1219	32.9557614706
-1218	32.9325960245
-1217	32.9243760275
-1216	32.9067403975
-1215	32.8868629502
-1214	32.8693767748
-1213	32.8430727843
-1212	32.8267822448
-1211	32.8075026155
-1210	32.7927066208
-1209	32.772978628
-1208	32.7592288148
-1207	32.7450306382
-1206	32.7445822747
-1205	32.7409953669
-1204	32.7209684651
-1203	32.7151397399
-1202	32.7013899268
-1201	32.6955612016
-1200	32.6761321178
-1199	32.6726946645
-1198	32.6706023016
-1197	32.672844119
-1196	32.6765804812
-1195	32.6620833956
-1194	32.6764310268
-1193	32.6689583022
-1192	32.6641757585
-1191	32.6673143028
-1190	32.6583470333
-1189	32.6453444926
-1188	32.6474368555
-1187	32.6341354058
-1186	32.6499775818
-1185	32.6517710357
-1184	32.6525183082
-1183	32.6543117621
-1182	32.6652219399
-1181	32.6874906591
-1180	32.7042295621
-1179	32.7031833807
-1178	32.7158870124
-1177	32.7238081004
-1176	32.7297862801
-1175	32.7402480945
-1174	32.7408459124
-1173	32.765356449
-1172	32.7692422657
-1171	32.756837543
-1170	32.7840382603
-1169	32.7949484382
-1168	32.798535346
-1167	32.8004782544
-1166	32.7956957107
-1165	32.7983858915
-1164	32.789418622
-1163	32.7849349873
-1162	32.7825437154
-1161	32.790315349
-1160	32.7973397101
-1159	32.8048124346
-1158	32.8197578837
-1157	32.8338066059
-1156	32.8645942311
-1155	32.8645942311
-1154	32.8716185921
-1153	32.8777462263
-1152	32.890150949
-1151	32.882827679
-1150	32.8868629502
-1149	32.8991182185
-1148	32.908384397
-1147	32.9263189359
-1146	32.9269167538
-1145	32.9441040203
-1144	32.9500822
-1143	32.974144373
-1142	32.9819160066
-1141	32.9886414587
-1140	33.0062770886
-1139	33.0276490809
-1138	33.0514123449
-1137	33.0738305186
-1136	33.0826483336
-1135	33.0938574204
-1134	33.1108952324
-1133	33.126886863
-1132	33.1409355851
-1131	33.1660439396
-1130	33.1655955761
-1129	33.1733672097
-1128	33.1898072037
-1127	33.2217904648
-1126	33.2433119115
-1125	33.2646839038
-1124	33.2616948139
-1123	33.2782842624
-1122	33.2950231654
-1121	33.3013002541
-1120	33.3066806158
-1119	33.3190853385
-1118	33.3382155134
-1117	33.3397100583
-1116	33.3561500523
-1115	33.3579435062
-1114	33.3852936781
-1113	33.3701987745
-1112	33.3736362278
-1111	33.3713944104
-1110	33.3682558661
-1109	33.369750411
-1108	33.3764758631
-1107	33.3567478703
-1106	33.3669107757
-1105	33.3733373188
-1104	33.3821551338
-1103	33.3854431326
-1102	33.4003885817
-1101	33.4093558511
-1100	33.3936631296
-1099	33.395307129
-1098	33.4075623973
-1097	33.3924674936
-1096	33.3757285906
-1095	33.369152593
-1094	33.3571962337
-1093	33.3589896876
-1092	33.3560005978
-1091	33.3542071439
-1090	33.3382155134
-1089	33.3397100583
-1088	33.3479300553
-1087	33.3679569571
-1086	33.361231505
-1085	33.3624271409
-1084	33.360932596
-1083	33.3340307876
-1082	33.3273053355
-1081	33.3123598864
-1080	33.2989089822
-1079	33.2735017187
-1078	33.2661784487
-1077	33.2678224481
-1076	33.2548199073
-1075	33.2518308175
-1074	33.2344940965
-1073	33.2304588253
-1072	33.2192497385
-1071	33.2089373786
-1070	33.1874159318
-1069	33.1691824839
-1068	33.1691824839
-1067	33.151845763
-1066	33.1304737707
-1065	33.1074577791
-1064	33.0723359737
-1063	33.0515617994
-1062	33.0237632641
-1061	33.0110596323
-1060	32.9922283665
-1059	32.9590494694
-1058	32.9185473023
-1057	32.8950829472
-1056	32.8758033179
-1055	32.8583171424
-1054	32.8293229712
-1053	32.7794051711
-1052	32.7484680915
-1051	32.7345688238
-1050	32.7045284711
-1049	32.6806157525
-1048	32.6508743088
-1047	32.6197877746
-1046	32.6030488716
-1045	32.5834703333
-1044	32.5653863399
-1043	32.5368405321
-1042	32.5009714542
-1041	32.46988492
-1040	32.462860559
-1039	32.4476162009
-1038	32.445224929
-1037	32.454042744
-1036	32.4356598416
-1035	32.4127933044
-1034	32.3951576745
-1033	32.3763264086
-1032	32.3545060529
-1031	32.3268569721
-1030	32.3147511583
-1029	32.2865042595
-1028	32.2730533553
-1027	32.2588551786
-1026	32.2498879091
-1025	32.2458526379
-1024	32.235839187
-1023	32.2430130025
-1022	32.2477955463
-1021	32.2286653714
-1020	32.227021372
-1019	32.2256762816
-1018	32.2168584666
-1017	32.2298610073
-1016	32.2225377373
-1015	32.2037064714
-1014	32.184725751
-1013	32.1756090271
-1012	32.1611119414
-1011	32.1481094007
-1010	32.1490061276
-1009	32.1413839486
-1008	32.1371992228
-1007	32.1428784935
-1006	32.1623075773
-1005	32.1733672097
-1004	32.1714243013
-1003	32.1812882977
-1002	32.1905544762
-1001	32.1927962935
-1000	32.1821850247
-999	32.1875653863
-998	32.1914512031
-997	32.1960842923
-996	32.2089373786
-995	32.2037064714
-994	32.2177551935
-993	32.2322522792
-992	32.2315050067
-991	32.2515319085
-990	32.2670751756
-989	32.2957704379
-988	32.3041398894
-987	32.3087729786
-986	32.3355253325
-985	32.3598864146
-984	32.3866387685
-983	32.4104020326
-982	32.436407114
-981	32.4526976536
-980	32.4948438201
-979	32.5177103572
-978	32.5345987147
-977	32.5534299806
-976	32.5821252429
-975	32.6117172321
-974	32.6508743088
-973	32.6620833956
-972	32.6599910327
-971	32.6828575699
-970	32.6984008369
-969	32.7245553729
-968	32.7683455388
-967	32.7774622627
-966	32.7973397101
-965	32.8033178897
-964	32.8173666119
-963	32.8447167837
-962	32.8708713197
-961	32.8968764011
-960	32.9209385742
-959	32.9400687491
-958	32.9597967419
-957	32.9701091018
-956	32.9695112838
-955	32.9871469138
-954	32.9928261844
-953	32.9998505455
-952	32.9974592737
-951	33.0113585413
-950	33.0158421761
-949	33.0174861755
-948	33.0260050815
-947	33.034374533
-946	33.0366163503
-945	33.0366163503
-944	33.0457330743
-943	33.0618741593
-942	33.0774174264
-941	33.0765206994
-940	33.0805559707
-939	33.0917650575
-938	33.1040203258
-937	33.1108952324
-936	33.109251233
-935	33.1128381408
-934	33.1055148707
-933	33.0907188761
-932	33.0808548797
-931	33.0744283366
-930	33.0627708863
-929	33.0549992527
-928	33.0608279779
-927	33.0599312509
-926	33.0437901659
-925	33.0366163503
-924	33.0342250785
-923	33.0301898072
-922	33.0162905395
-921	33.0074727246
-920	32.9974592737
-919	32.983560006
-918	32.9499327455
-917	32.9421611119
-916	32.9246749365
-915	32.8947840383
-914	32.8729636826
-913	32.8381407861
-912	32.8115378867
-911	32.7931549843
-910	32.7741742639
-909	32.7380062771
-908	32.7111044687
-907	32.6833059333
-906	32.6462412195
-905	32.6281572261
-904	32.6021521447
-903	32.5532805261
-902	32.5178598117
-901	32.4788521895
-900	32.445523838
-899	32.4263936631
-898	32.3926169481
-897	32.3655656852
-896	32.3392616948
-895	32.2962188014
-894	32.2727544463
-893	32.2494395457
-892	32.2306082798
-891	32.1800926618
-890	32.1407861306
-889	32.1111941414
-888	32.0823494246
-887	32.0461814378
-886	32.0094156329
-885	31.9739949185
-884	31.9438051113
-883	31.9297563892
-882	31.8813331341
-881	31.8515916903
-880	31.8197578837
-879	31.7883724406
-878	31.7522044537
-877	31.7114033777
-876	31.6856972052
-875	31.6768793902
-874	31.6457928561
-873	31.6196383201
-872	31.6012554177
-871	31.5638917949
-870	31.5174114482
-869	31.4734718278
-868	31.4435809296
-867	31.4295322074
-866	31.4021820356
-865	31.3600358691
-864	31.3229711553
-863	31.3059333433
-862	31.2797788074
-861	31.2621431774
-860	31.2362875504
-859	31.2243311912
-858	31.2060977432
-857	31.201165745
-856	31.1984755642
-855	31.1718726648
-854	31.1663428486
-853	31.1481094007
-852	31.1371992228
-851	31.1062621432
-850	31.0705425198
-849	31.0529068899
-848	31.0433418024
-847	31.0312359886
-846	31.0348228964
-845	31.0406516216
-844	31.0369152593
-843	31.0282468988
-842	31.0364668958
-841	31.0451352563
-840	31.0632192497
-839	31.0827977881
-838	31.0790614258
-837	31.0786130623
-836	31.0807054252
-835	31.0910177851
-834	31.0872814228
-833	31.1058137797
-832	31.1116425049
-831	31.125691227
-830	31.160364669
-829	31.1817366612
-828	31.2028097444
-827	31.2412195486
-826	31.2633388133
-825	31.2830668062
-824	31.3042893439
-823	31.328052608
-822	31.3364220595
-821	31.3678075026
-820	31.3796144074
-819	31.3860409505
-818	31.4198176655
-817	31.436407114
-816	31.4414885667
-815	31.471379465
-814	31.496039456
-813	31.5199521746
-812	31.5467045285
-811	31.5866088776
-810	31.6179943207
-809	31.6601404872
-808	31.6924226573
-807	31.7330742789
-806	31.7841877148
-805	31.8142280676
-804	31.8536840532
-803	31.8826782245
-802	31.899566582
-801	31.9346883874
-800	31.9563592886
-799	31.9831116425
-798	32.007921088
-797	32.0487221641
-796	32.0851890599
-795	32.1167239576
-794	32.1264384995
-793	32.1507995815
-792	32.1868181139
-791	32.2283664624
-790	32.2448064564
-789	32.2631893588
-788	32.2908384397
-787	32.3337318786
-786	32.3542071439
-785	32.3696009565
-784	32.378867135
-783	32.3764758631
-782	32.3982962188
-781	32.402929308
-780	32.437004932
-779	32.4468689284
-778	32.4673441937
-777	32.5097892692
-776	32.5320579883
-775	32.5392318039
-774	32.5401285309
-773	32.5419219848
-772	32.5510387087
-771	32.5416230758
-770	32.5404274398
-769	32.5341503512
-768	32.5239874458
-767	32.5097892692
-766	32.4985801823
-765	32.4976834554
-764	32.495441638
-763	32.4940965476
-762	32.4849798236
-761	32.4728740099
-760	32.4571812883
-759	32.4335674787
-758	32.4142878493
-757	32.3797638619
-756	32.3471827828
-755	32.3174413391
-754	32.2732028097
-753	32.2316544612
-752	32.2147661037
-751	32.2034075624
-750	32.1590195785
-749	32.1280824989
-748	32.0807054252
-747	32.0437901659
-746	32.0221192647
-745	31.9922283665
-744	31.9698101928
-743	31.9475414736
-742	31.9006127634
-741	31.8719175011
-740	31.8505455089
-739	31.8308175161
-738	31.7795546256
-737	31.7448811837
-736	31.7018382902
-735	31.6416081303
-734	31.5768943357
-733	31.5277238081
-732	31.4821401883
-731	31.4392467494
-730	31.3902256763
-729	31.3504707816
-728	31.3013002541
-727	31.2711104469
-726	31.218203557
-725	31.1706770288
-724	31.1276341354
-723	31.0766701539
-722	31.0364668958
-721	30.9973098192
-720	30.9536691078
-719	30.9003138544
-718	30.8515916903
-717	30.8128829771
-716	30.7744731729
-715	30.723359737
-714	30.6661186669
-713	30.6069346884
-712	30.5662830668
-711	30.5111343596
-710	30.4775070991
-709	30.4247496637
-708	30.3805111344
-707	30.3180391571
-706	30.2794798984
-705	30.2445075475
-704	30.1684352115
-703	30.1137348677
-702	30.0715887012
-701	30.0336272605
-700	29.9937229114
-699	29.9450007473
-698	29.9155582125
-697	29.8873113137
-696	29.8668360484
-695	29.8427738754
-694	29.8206546107
-693	29.7901658945
-692	29.7623673591
-691	29.7272455537
-690	29.7003437453
-689	29.6770288447
-688	29.6649230309
-687	29.6365266776
-686	29.6185921387
-685	29.6011059632
-684	29.5930354207
-683	29.5777910626
-682	29.5697205201
-681	29.5606037961
-680	29.5576147063
-679	29.5392318039
-678	29.5275743536
-677	29.5263787177
-676	29.5369899865
-675	29.5284710806
-674	29.5328052608
-673	29.537139441
-672	29.5310118069
-671	29.5281721716
-670	29.5314601704
-669	29.5344492602
-668	29.5254819907
-667	29.5205499925
-666	29.5120310865
-665	29.5304139889
-664	29.5305634434
-663	29.546555074
-662	29.5764459722
-661	29.6106710507
-660	29.6187415932
-659	29.6318935884
-658	29.6359288597
-657	29.6538633986
-656	29.6780750262
-655	29.7048273801
-654	29.7030339262
-653	29.7338215513
-652	29.7620684502
-651	29.7774622627
-650	29.807353161
-649	29.8366462412
-648	29.8738604095
-647	29.8988193095
-646	29.9296069347
-645	29.9566581976
-644	29.9941712748
-643	30.0375130773
-642	30.0641159767
-641	30.0902705126
-640	30.134210133
-639	30.158870124
-638	30.2075922881
-637	30.227021372
-636	30.2809744433
-635	30.3159467942
-634	30.3588402331
-633	30.385891496
-632	30.4156329398
-631	30.4668958302
-630	30.5111343596
-629	30.5227918099
-628	30.5519354357
-627	30.5755492453
-626	30.6127634135
-625	30.6333881333
-624	30.6447466746
-623	30.6700044836
-622	30.7040801076
-621	30.7339710058
-620	30.7619189957
-619	30.7961440741
-618	30.8224480646
-617	30.8492004185
-616	30.8726647736
-615	30.8888058586
-614	30.9115229413
-613	30.9243760275
-612	30.9381258407
-611	30.941563294
-610	30.9554625616
-609	30.9600956509
-608	30.9858018233
-607	30.9983560006
-606	30.9940218204
-605	30.9756389179
-604	30.9820654611
-603	30.974443282
-602	30.9704080108
-601	30.9693618293
-600	30.9591989239
-599	30.9526229263
-598	30.9382752952
-597	30.9175011209
-596	30.9176505754
-595	30.9062920341
-594	30.881930952
-593	30.8744582275
-592	30.8478553281
-591	30.8278284262
-590	30.7924077119
-589	30.7608728142
-588	30.7272455537
-587	30.7001942908
-586	30.6599910327
-585	30.6333881333
-584	30.5948288746
-583	30.5567179794
-582	30.5175609027
-581	30.5026154536
-580	30.4562845614
-579	30.4159318488
-578	30.3731878643
-577	30.3292482439
-576	30.2758929906
-575	30.2167090121
-574	30.167986848
-573	30.1216559558
-572	30.0732327006
-571	30.008518906
-570	29.9391720221
-569	29.8868629502
-568	29.8281273352
-567	29.7665520849
-566	29.7175310118
-565	29.6564041249
-564	29.6012554177
-563	29.5328052608
-562	29.4818412793
-561	29.4210133014
-560	29.362128232
-559	29.294574802
-558	29.2331490061
-557	29.1584217606
-556	29.1061126887
-555	29.0358690779
-554	28.9805709162
-553	28.924824391
-552	28.8626513227
-551	28.8151247945
-550	28.7504109999
-549	28.6903302944
-548	28.6275594082
-547	28.5580630698
-546	28.4851292781
-545	28.4228067553
-544	28.3518158721
-543	28.2903900762
-542	28.2316544612
-541	28.1820355702
-540	28.1316694067
-539	28.0738305186
-538	28.0210730832
-537	27.9775818263
-536	27.9258705724
-535	27.8518905993
-534	27.7921088029
-533	27.7403975489
-532	27.7097593783
-531	27.6590943058
-530	27.5990136004
-529	27.5653863399
-528	27.5227918099
-527	27.4772081901
-526	27.4329696607
-525	27.4057689434
-524	27.3675085936
-523	27.3214766104
-522	27.2984606187
-521	27.2757435361
-520	27.2374831864
-519	27.2063966522
-518	27.1711253923
-517	27.1439246749
-516	27.1258406815
-515	27.0923628755
-514	27.0745777911
-513	27.066955612
-512	27.058436706
-511	27.0549992527
-510	27.0479748916
-509	27.0330294425
-508	27.017037812
-507	27.0046330892
-506	26.9985054551
-505	26.9973098192
-504	27.0007472725
-503	27.0019429084
-502	27.0147959946
-501	27.0230159916
-500	27.0307876252
-499	27.0198774473
-498	27.0309370797
-497	27.0490210731
-496	27.0705425198
-495	27.0887759677
-494	27.1062621432
-493	27.1244955911
-492	27.1419817666
-491	27.1557315797
-490	27.1753101181
-489	27.1953370199
-488	27.2038559259
-487	27.2380810043
-486	27.269615902
-485	27.285159169
-484	27.3292482439
-483	27.360633687
-482	27.4006874907
-481	27.4296816619
-480	27.4607681961
-479	27.4914063668
-478	27.5296667165
-477	27.5644896129
-476	27.5952772381
-475	27.6269615902
-474	27.664624122
-473	27.6973546555
-472	27.7409953669
-471	27.7835898969
-470	27.8089971604
-469	27.8444178748
-468	27.8729636826
-467	27.8923927664
-466	27.9219847556
-465	27.9614407413
-464	27.992377821
-463	28.0415483485
-462	28.0947541474
-461	28.1404872216
-460	28.1981766552
-459	28.2274697355
-458	28.2575100882
-457	28.2917351666
-456	28.3262591541
-455	28.3577940517
-454	28.3808100433
-453	28.4135405769
-452	28.436407114
-451	28.4709311015
-450	28.5087430877
-449	28.5183081752
-448	28.5481990734
-447	28.571812883
-446	28.6021521447
-445	28.6293528621
-444	28.6510237633
-443	28.6740397549
-442	28.7013899268
-441	28.7154386489
-440	28.7273950082
-439	28.7362128232
-438	28.7299357346
-437	28.7146913765
-436	28.7254520998
-435	28.7208190106
-434	28.7220146465
-433	28.7084142878
-432	28.6919742938
-431	28.6650724854
-430	28.6454939471
-429	28.6144074129
-428	28.5987146914
-427	28.5848154237
-426	28.5733074279
-425	28.5446121656
-424	28.5230907189
-423	28.479001644
-422	28.4492602003
-421	28.4141383949
-420	28.3797638619
-419	28.3379166044
-418	28.2960693469
-417	28.2492900912
-416	28.2022119265
-415	28.1551337618
-414	28.0956508743
-413	28.0388581677
-412	27.9805709162
-411	27.9182483934
-410	27.8693767748
-409	27.8185622478
-408	27.7557913615
-407	27.6850993872
-406	27.6275594082
-405	27.5517859812
-404	27.4712300105
-403	27.3960544014
-402	27.3246151547
-401	27.2578089972
-400	27.1790464803
-399	27.1022268719
-398	27.0303392617
-397	26.9647287401
-396	26.8922433119
-395	26.8001793454
-394	26.7362128232
-393	26.6619339411
-392	26.5809296069
-391	26.4816918248
-390	26.3875354954
-389	26.2869526229
-388	26.2010162905
-387	26.1062621432
-386	26.0309370797
-385	25.9505305634
-384	25.8775967718
-383	25.7924077119
-382	25.7134957405
-381	25.6401135854
-380	25.56239725
-379	25.4749663727
-378	25.3981467643
-377	25.32013152
-376	25.2436108205
-375	25.1560304887
-374	25.0629203408
-373	24.9717531012
-372	24.8897025856
-371	24.8200567927
-370	24.7320280974
-369	24.6589448513
-368	24.5665819758
-367	24.4772081901
-366	24.3981467643
-365	24.3313406068
-364	24.2748468091
-363	24.1854730235
-362	24.1146315947
-361	24.0517112539
-360	23.9955163653
-359	23.9391720221
-358	23.8804364071
-357	23.8239426095
-356	23.7665520849
-355	23.7088626513
-354	23.6510237633
-353	23.6066357794
-352	23.5634434315
-351	23.4946943656
-350	23.4467194739
-349	23.4023314901
-348	23.361231505
-347	23.3119115229
-346	23.2718577193
-345	23.2451053654
-344	23.2016141085
-343	23.168285757
-342	23.1542370348
-341	23.1119414138
-340	23.0887759677
-339	23.076072336
-338	23.0529068899
-337	23.0316843521
-336	23.0106112689
-335	22.9932745479
-334	22.9780301898
-333	22.9692123748
-332	22.9701091018
-331	22.9796741892
-330	22.9756389179
-329	22.9722014647
-328	22.9692123748
-327	22.9717531012
-326	22.9713047377
-325	22.9783290988
-324	22.9808698251
-323	22.9907338216
-322	23.0198774473
-321	23.0236138096
-320	23.0379614407
-319	23.0575399791
-318	23.1062621432
-317	23.1328650426
-316	23.1693319384
-315	23.185323569
-314	23.2083395606
-313	23.2359886415
-312	23.2645344493
-311	23.2968166193
-310	23.3223733373
-309	23.3473322373
-308	23.3725900463
-307	23.3966522194
-306	23.4222089374
-305	23.446121656
-304	23.4764609177
-303	23.5091914512
-302	23.5431176207
-301	23.5858616051
-300	23.6248692273
-299	23.6589448513
-298	23.7102077417
-297	23.7667015394
-296	23.7968913466
-295	23.8415782394
-294	23.9022567628
-293	23.9420116575
-292	23.9813181886
-291	24.0233149006
-290	24.0802570617
-289	24.1288297713
-288	24.16006576
-287	24.201165745
-286	24.2383799133
-285	24.2805260798
-284	24.3096697056
-283	24.3509191451
-282	24.3809594978
-281	24.402630399
-280	24.4262442086
-279	24.444627111
-278	24.488118368
-277	24.5184576297
-276	24.5353459871
-275	24.5565685249
-274	24.579733971
-273	24.6021521447
-272	24.6150052309
-271	24.6429532207
-270	24.6507248543
-269	24.663428486
-268	24.7048273801
-267	24.7140935585
-266	24.7238081004
-265	24.7278433717
-264	24.7297862801
-263	24.730981916
-262	24.7300851891
-261	24.7365117322
-260	24.7173815573
-259	24.7001942908
-258	24.6668659393
-257	24.6484830369
-256	24.6263637722
-255	24.6075325064
-254	24.5779405171
-253	24.5540277985
-252	24.5060529069
-251	24.4673441937
-250	24.4362576595
-249	24.3824540427
-248	24.3573456882
-247	24.3137049768
-246	24.2723060828
-245	24.2095351965
-244	24.1557315797
-243	24.1035719623
-242	24.0635181587
-241	24.0031385443
-240	23.9322971155
-239	23.8663876849
-238	23.7895680765
-237	23.7190255567
-236	23.6516215812
-235	23.5733074279
-234	23.4929009117
-233	23.4159318488
-232	23.3344791511
-231	23.2425646391
-230	23.1669406666
-229	23.0795097893
-228	22.9947690928
-227	22.9098789419
-226	22.8106411598
-225	22.7007921088
-224	22.6045434165
-223	22.5115827231
-222	22.4356598416
-221	22.3412046032
-220	22.2521297265
-219	22.159766851
-218	22.0560454342
-217	21.9444029293
-216	21.8427738754
-215	21.7453295472
-214	21.6356299507
-213	21.5226423554
-212	21.4165296667
-211	21.3235689732
-210	21.2111791959
-209	21.0999850546
-208	21.0040352713
-207	20.8943356748
-206	20.7931549843
-205	20.6853982962
-204	20.5916903303
-203	20.5062023614
-202	20.4011358541
-201	20.2992078912
-200	20.2019130175
-199	20.0990883276
-198	20.0023912719
-197	19.9044985802
-196	19.8000298909
-195	19.6900313854
-194	19.605589598
-193	19.5065012704
-192	19.4145867583
-191	19.3229711553
-190	19.2201464654
-189	19.1255417725
-188	19.0180839934
-187	18.9336422059
-186	18.8382902406
-185	18.7640113585
-184	18.6837542968
-183	18.5988641459
-182	18.5047078165
-181	18.4314751158
-180	18.3528620535
-179	18.2890449858
-178	18.2225377373
-177	18.1413839486
-176	18.0857868779
-175	18.0001494545
-174	17.9343894784
-173	17.8628007772
-172	17.7964429831
-171	17.7269466447
-170	17.6510237633
-169	17.5695710656
-168	17.5233896279
-167	17.4665969212
-166	17.4154834853
-165	17.369152593
-164	17.3149006128
-163	17.2705126289
-162	17.2300104618
-161	17.1914512031
-160	17.167986848
-159	17.13510686
-158	17.092811239
-157	17.0533552533
-156	17.0239127186
-155	16.9881930952
-154	16.9515767449
-153	16.9438051113
-152	16.9182483934
-151	16.8832760424
-150	16.8635480496
-149	16.8278284262
-148	16.7949484382
-147	16.789119713
-146	16.7719324466
-145	16.7566880885
-144	16.7548946346
-143	16.7529517262
-142	16.7453295472
-141	16.7447317292
-140	16.7481691825
-139	16.7436855478
-138	16.7435360933
-137	16.7602749963
-136	16.7762666268
-135	16.7797040801
-134	16.8022717083
-133	16.8199073382
-132	16.8367956957
-131	16.8475564191
-130	16.8580182334
-129	16.8900014945
-128	16.9148109401
-127	16.9478403826
-126	16.9757883724
-125	16.9982065461
-124	17.041996712
-123	17.0680017935
-122	17.0958003288
-121	17.1240472276
-120	17.1612613959
-119	17.2098341055
-118	17.2591540876
-117	17.3081751607
-116	17.3554027799
-115	17.4163802122
-114	17.4742191003
-113	17.554476162
-112	17.621431774
-111	17.6570019429
-110	17.76505754
-109	17.8769989538
-108	17.9006127634
-107	17.9192945748
-106	17.9902854581
-105	18.0058287252
-104	18.0306381707
-103	18.0887759677
-102	18.1569272157
-101	18.2582573606
-100	18.3337318786
-99	18.412046032
-98	18.5044089075
-97	18.5891496039
-96	18.6897324765
-95	18.7892691675
-94	18.8846211329
-93	18.9880436407
-92	19.1052159617
-91	19.2032581079
-90	19.3020475265
-89	19.4081602152
-88	19.5205499925
-87	19.6227768644
-86	19.7339710058
-85	19.8545807802
-84	19.9811687341
-83	20.1055148707
-82	20.2301599163
-81	20.3479300553
-80	20.479599462
-79	20.6076819608
-78	20.7424899118
-77	20.8923927664
-76	21.0274996264
-75	21.1809893887
-74	21.3214766104
-73	21.4745180093
-72	21.6410103124
-71	21.8007771634
-70	21.9390225676
-69	22.1111941414
-68	22.2835151696
-67	22.4546405619
-66	22.6538633986
-65	22.8442684203
-64	23.0231654461
-63	23.210880287
-62	23.412344941
-61	23.5921386938
-60	23.7856822598
-59	23.9861007323
-58	24.1829322971
-57	24.3797638619
-56	24.5924376027
-55	24.7904648035
-54	24.9893887311
-53	25.2013151995
-52	25.4211627559
-51	25.6351815872
-50	25.8671349574
-49	26.0819010611
-48	26.3007024361
-47	26.5443132566
-46	26.7572859064
-45	26.9771334629
-44	27.2232850097
-43	27.4634583769
-42	27.696906292
-41	27.9438051113
-40	28.1437752204
-39	28.360932596
-38	28.604393962
-37	28.7843371693
-36	28.9759378269
-35	29.2590046331
-34	29.5310118069
-33	29.7566880885
-32	30.0514123449
-31	30.311313705
-30	30.5520848902
-29	30.7924077119
-28	31.0013450904
-27	31.2211926468
-26	31.4483634733
-25	31.6553579435
-24	31.881632043
-23	32.0944552384
-22	32.2682708115
-21	32.4772081901
-20	32.6610372142
-19	32.8013749813
-18	32.9798236437
-17	33.150949036
-16	33.3044387984
-15	33.470482738
-14	33.6407114034
-13	33.773875355
-12	33.9336422059
-11	34.0905694216
-10	34.210581378
-9	34.3446420565
-8	34.4727245554
-7	34.5609027051
-6	34.6662681214
-5	34.7604244508
-4	34.8318636975
-3	34.9194440293
-2	35.0022418174
-1	35.0521596174
0	35.101031236
1	35.1415334031
2	35.1733672097
3	35.2125242864
4	35.2394260948
5	35.2591540876
6	35.2736511732
7	35.2755940816
8	35.2714093559
9	35.25990136
10	35.2338962786
11	35.1905544762
12	35.1581228516
13	35.0965476013
14	35.0227170826
15	34.958601106
16	34.8916454939
17	34.8000298909
18	34.7380062771
19	34.6538633986
20	34.5758481542
21	34.4798983709
22	34.370348229
23	34.2451053654
24	34.1377970408
25	34.0109101779
26	33.8586160514
27	33.7259004633
28	33.5927365117
29	33.4272903901
30	33.2823195337
31	33.1277835899
32	32.9299058437
33	32.7592288148
34	32.6000597818
35	32.5316096249
36	32.5761470632
37	32.3385144224
38	32.2391271858
39	32.268420266
40	32.059034524
41	31.8518905993
42	31.6909281124
43	31.5278732626
44	31.3576445972
45	31.1699297564
46	31.025855627
47	30.8538335077
48	30.6936182932
49	30.5501419818
50	30.3734867733
51	30.2377820954
52	30.1047675983
53	29.9536691078
54	29.8356000598
55	29.7285906441
56	29.5927365117
57	29.4821401883
58	29.3829024062
59	29.2425646391
60	29.1442235839
61	29.0410999851
62	28.8973247646
63	28.7928560753
64	28.7037811986
65	28.595875056
66	28.5251830818
67	28.4785532805
68	28.3975489463
69	28.3204304289
70	28.2664773576
71	28.1655955761
72	28.1243461366
73	28.1038708713
74	28.0473770737
75	28.0279479898
76	28.0361679868
77	27.9795247347
78	27.9514272904
79	27.9629352862
80	27.9179494844
81	27.9133163952
82	27.949484382
83	27.9408160215
84	27.9641309221
85	28.0097145419
86	28.0457330743
87	28.1065610522
88	28.1739650276
89	28.2007173816
90	28.2642355403
91	28.3238678822
92	28.3560005978
93	28.4192198476
94	28.5226423554
95	28.5619488866
96	28.6720968465
97	28.781796443
98	28.8639964131
99	28.9768345539
100	29.1094006875
101	29.1959348378
102	29.3270064265
103	29.4763114632
104	29.5991630548
105	29.7786578987
106	29.9881930952
107	30.1083545061
108	30.1706770288
109	30.1500523091
110	30.3470333284
111	30.4549394709
112	30.4413391122
113	30.6145568674
114	30.8170677029
115	31.0073232701
116	31.1461664923
117	31.3347780601
118	31.546853983
119	31.681064116
120	31.8837244059
121	32.0917650575
122	32.218203557
123	32.4207143925
124	32.6281572261
125	32.7547451801
126	32.9544163802
127	33.1780002989
128	33.3026453445
129	33.4961889105
130	33.7190255567
131	33.8508444179
132	34.0576894336
133	34.2697653564
134	34.3975489463
135	34.6232252279
136	34.83261097
137	34.9890898221
138	35.2016141085
139	35.3945598565
140	35.51247945
141	35.7143924675
142	35.9246749365
143	36.0518607084
144	36.2567628157
145	36.437004932
146	36.5537288896
147	36.7523539082
148	36.9012105814
149	36.9757883724
150	37.1416828576
151	37.3007024361
152	37.3767747721
153	37.5378867135
154	37.6758332088
155	37.7264982813
156	37.8675833209
157	37.9799730982
158	38.0381108952
159	38.1409355851
160	38.2370348229
161	38.276640263
162	38.3835002242
163	38.4528471081
164	38.470482738
165	38.5586608878
166	38.6011059632
167	38.5819757884
168	38.6590943058
169	38.689583022
170	38.647287401
171	38.6816619339
172	38.6897324765
173	38.6499775818
174	38.65490958
175	38.6272604992
176	38.5461067105
177	38.5186070841
178	38.4724256464
179	38.3314900613
180	38.2891944403
181	38.2192497385
182	38.0907188761
183	38.0260050815
184	37.9237782095
185	37.7780600807
186	37.7030339262
187	37.5828725153
188	37.4277387535
189	37.3207293379
190	37.1893588402
191	36.999701091
192	36.8752054999
193	36.7197728292
194	36.5088925422
195	36.3851442236
196	36.2395755492
197	36.0115079958
198	35.8607084143
199	35.7001942908
200	35.4671947392
201	35.3344791511
202	35.1596173965
203	34.9143625766
204	34.7412942759
205	34.5576147063
206	34.3222238828
207	34.1696308474
208	33.9603945599
209	33.7105066507
210	33.5139739949
211	33.318636975
212	33.0981916007
213	32.9216858467
214	32.7263488268
215	32.5005230907
216	32.3370198774
217	32.1602152145
218	31.93244657
219	31.7704379017
220	31.5673292482
221	31.3557016888
222	31.2135704678
223	31.0539530713
224	30.8400836945
225	30.6874906591
226	30.5389328949
227	30.3311911523
228	30.2095351965
229	30.0636676132
230	29.8868629502
231	29.7656553579
232	29.6380212225
233	29.4766103721
234	29.3781198625
235	29.2748468091
236	29.1360035869
237	29.0582872515
238	28.9720520102
239	28.8475564191
240	28.7861306232
241	28.7161859214
242	28.5957256016
243	28.5753997908
244	28.5096398147
245	28.4175758482
246	28.378867135
247	28.3601853236
248	28.2915857122
249	28.285458078
250	28.2794798984
251	28.2249290091
252	28.2594529966
253	28.2911373487
254	28.2757435361
255	28.3253624271
256	28.3645195038
257	28.3503213272
258	28.4154834853
259	28.4754147362
260	28.4842325512
261	28.5546256165
262	28.6416081303
263	28.6761321178
264	28.7753698999
265	28.8886564041
266	28.9284112988
267	29.0372141683
268	29.1377970408
269	29.1774024809
270	29.3320878792
271	29.4719772829
272	29.5513376177
273	29.7009415633
274	29.8388880586
275	29.9294574802
276	30.0966970557
277	30.2407711852
278	30.3335824242
279	30.5218950829
280	30.681363025
281	30.7834404424
282	30.9880436407
283	31.1838290241
284	31.2760424451
285	31.4624121955
286	31.6402630399
287	31.7693917202
288	31.9545658347
289	32.1413839486
290	32.2773875355
291	32.4824390973
292	32.6590943058
293	32.7937528023
294	33.0053803617
295	33.210282469
296	33.3479300553
297	33.5685248842
298	33.7807502615
299	33.8941862203
300	34.0955014198
301	34.278134808
302	34.4050216709
303	34.6094754147
304	34.7807502615
305	34.906889852
306	35.1083545061
307	35.2823195337
308	35.387386041
309	35.5698699746
310	35.7447317292
311	35.832312061
312	36.0089672695
313	36.1609624869
314	36.251681363
315	36.4136900314
316	36.5519354357
317	36.6453444926
318	36.8019727993
319	36.932147661
320	37.0001494545
321	37.1395904947
322	37.2646839038
323	37.3210282469
324	37.4528471081
325	37.5366910776
326	37.5703183381
327	37.6635779405
328	37.7266477358
329	37.7487670004
330	37.8332087879
331	37.8926916754
332	37.8674338664
333	37.9467942012
334	37.9837094605
335	37.9518756539
336	37.9781796443
337	37.9831116425
338	37.9212374832
339	37.948886564
340	37.9500822
341	37.8843222239
342	37.8900014945
343	37.832312061
344	37.7424899118
345	37.7206695561
346	37.6574503064
347	37.5501419818
348	37.5172619937
349	37.4325212973
350	37.3314900613
351	37.2754446271
352	37.1724704827
353	37.0345239874
354	36.9686145569
355	36.8471080556
356	36.6791212076
357	36.6058885069
358	36.4751158272
359	36.3165446122
360	36.1936930205
361	36.0518607084
362	35.8708713197
363	35.730683007
364	35.5688237932
365	35.3800627709
366	35.2524286355
367	35.0739799731
368	34.8663876849
369	34.7296368256
370	34.5389328949
371	34.3319384247
372	34.1921984756
373	34.0283963533
374	33.83261097
375	33.6904797489
376	33.5160663578
377	33.3225227918
378	33.18502466
379	32.9953669108
380	32.7922582574
381	32.6468390375
382	32.4724256464
383	32.2748468091
384	32.151845763
385	31.9878941862
386	31.7968913466
387	31.6753848453
388	31.5266776267
389	31.3394111493
390	31.2165595576
391	31.0717381557
392	30.8935884023
393	30.7710357196
394	30.6405619489
395	30.4612165596
396	30.3543565984
397	30.2220893738
398	30.0871319683
399	29.983560006
400	29.8843222239
401	29.7472724555
402	29.672246301
403	29.5849648782
404	29.4589747422
405	29.4105514871
406	29.3415035122
407	29.2312060977
408	29.1835301151
409	29.1496039456
410	29.0654610671
411	29.0532057988
412	29.0279479898
413	28.966223285
414	28.9698101928
415	28.9626363772
416	28.9176505754
417	28.9559109251
418	28.9626363772
419	28.949484382
420	28.9865490958
421	29.0100134509
422	28.9989538186
423	29.0536541623
424	29.1185174114
425	29.1231505007
426	29.1978777462
427	29.2590046331
428	29.293976984
429	29.3938125841
430	29.4855776416
431	29.5224929009
432	29.6348826782
433	29.7459273651
434	29.8115378867
435	29.9521745628
436	30.0841428785
437	30.1614108504
438	30.3033926169
439	30.4328202062
440	30.529816171
441	30.6688088477
442	30.8052607981
443	30.9067403975
444	31.0659094306
445	31.2131221043
446	31.3102675235
447	31.4776565536
448	31.638768495
449	31.7390524585
450	31.9139142131
451	32.0756239725
452	32.1869675684
453	32.3522642355
454	32.5316096249
455	32.6625317591
456	32.831116425
457	32.9946196383
458	33.1301748618
459	33.3202809744
460	33.4788521895
461	33.5930354207
462	33.7702884472
463	33.9436556569
464	34.0611268869
465	34.2518308175
466	34.4060678523
467	34.5163652668
468	34.6997459274
469	34.8628007772
470	34.9609923778
471	35.109849051
472	35.2782842624
473	35.3796144074
474	35.5429681662
475	35.6930204753
476	35.7834404424
477	35.941563294
478	36.0934090569
479	36.1715737558
480	36.3301449709
481	36.4689881931
482	36.5250336273
483	36.6581975788
484	36.756239725
485	36.8076520699
486	36.9230309371
487	37.0179345389
488	37.0623225228
489	37.1760573905
490	37.2485428187
491	37.2667762666
492	37.3471827828
493	37.4160813032
494	37.4232551188
495	37.5026154536
496	37.5631445225
497	37.5344492602
498	37.5759976087
499	37.5984157824
500	37.5869077866
501	37.6162008668
502	37.6196383201
503	37.5743536093
504	37.5887012405
505	37.5916903303
506	37.5350470782
507	37.5245852638
508	37.4891645494
509	37.4021820356
510	37.3882827679
511	37.352712599
512	37.2521297265
513	37.2265730085
514	37.1667912121
515	37.0605290689
516	37.0248094455
517	36.9485876551
518	36.8382902406
519	36.790614258
520	36.6963084741
521	36.5652368854
522	36.5057539979
523	36.4132416679
524	36.2666268121
525	36.1878642953
526	36.0851890599
527	35.9266178449
528	35.8255866089
529	35.7117022867
530	35.5565685249
531	35.4390972949
532	35.3010013451
533	35.1334628606
534	35.0288447168
535	34.9059931251
536	34.7484680915
537	34.6227768644
538	34.4801972799
539	34.3301449709
540	34.2380810043
541	34.0941563294
542	33.9149603946
543	33.8119862502
544	33.6809146615
545	33.4975340009
546	33.3733373188
547	33.2309071888
548	33.058137797
549	32.9614407413
550	32.8324615155
551	32.671648483
552	32.5783888806
553	32.4438798386
554	32.2844118966
555	32.1930952025
556	32.0789119713
557	31.9367807503
558	31.8562247796
559	31.7505604543
560	31.6181437752
561	31.5366910776
562	31.445523838
563	31.2872515319
564	31.2238828277
565	31.1374981318
566	31.0049319982
567	30.9527723808
568	30.8922433119
569	30.7804513526
570	30.7487670004
571	30.7075175609
572	30.6283066806
573	30.5881034225
574	30.5484979824
575	30.4645045584
576	30.4515020176
577	30.4361082051
578	30.3655656852
579	30.3675085936
580	30.3678075026
581	30.3072784337
582	30.3213271559
583	30.3204304289
584	30.276939172
585	30.3237184277
586	30.3305933343
587	30.3222238828
588	30.3820056793
589	30.4169780302
590	30.3987445823
591	30.4588252877
592	30.4837841877
593	30.4890150949
594	30.5591092512
595	30.6020026902
596	30.6235241369
597	30.7272455537
598	30.8107906143
599	30.8551785981
600	30.9701091018
601	31.0529068899
602	31.1008817815
603	31.2150650127
604	31.3175907936
605	31.3849947691
606	31.5168136302
607	31.6262143177
608	31.7100582873
609	31.8393364221
610	31.9775818263
611	32.058735615
612	32.1995217456
613	32.3150500673
614	32.3836496787
615	32.5277238081
616	32.647885219
617	32.7492153639
618	32.9098789419
619	33.0482738006
620	33.1614108504
621	33.3177402481
622	33.4416380212
623	33.5263787177
624	33.69750411
625	33.8302196981
626	33.9372291137
627	34.0789119713
628	34.2303093708
629	34.3317889703
630	34.4791510985
631	34.6037961441
632	34.6842026603
633	34.8185622478
634	34.9590494694
635	35.0349723509
636	35.1939919295
637	35.3174413391
638	35.3799133164
639	35.5322074428
640	35.6432521297
641	35.7127484681
642	35.8382902406
643	35.9258705724
644	35.9696607383
645	36.0963981468
646	36.1933941115
647	36.2578089972
648	36.3882827679
649	36.4764609177
650	36.5147212674
651	36.6006575998
652	36.6822597519
653	36.7088626513
654	36.807054252
655	36.8767000448
656	36.8922433119
657	36.9884920042
658	37.0303392617
659	37.0382603497
660	37.1040203258
661	37.1382454043
662	37.126289045
663	37.1699297564
664	37.1933941115
665	37.1939919295
666	37.2334479151
667	37.2385293678
668	37.2098341055
669	37.2288148259
670	37.210282469
671	37.1703781199
672	37.1793453893
673	37.1561799432
674	37.1085039605
675	37.1114930504
676	37.0899716036
677	37.0153938126
678	36.9986549096
679	36.9623374682
680	36.8864145868
681	36.8532356897
682	36.7910626214
683	36.6901808399
684	36.6520699447
685	36.5863099686
686	36.4737707368
687	36.4447765655
688	36.3790165894
689	36.2729039008
690	36.1993722911
691	36.1031235989
692	35.9871469138
693	35.9115229413
694	35.8089971604
695	35.6819608429
696	35.6191899567
697	35.4945449111
698	35.3583918697
699	35.277238081
700	35.1845762965
701	35.0485727096
702	34.9506800179
703	34.8442684203
704	34.7064713795
705	34.6224779555
706	34.5314601704
707	34.3716933194
708	34.2912868032
709	34.1918995666
710	34.0535047078
711	33.992078912
712	33.890748767
713	33.7708862651
714	33.6779255717
715	33.5698699746
716	33.4479151098
717	33.3832013152
718	33.2799282618
719	33.143625766
720	33.0683007024
721	32.9798236437
722	32.848453146
723	32.797638619
724	32.7114033777
725	32.5966223285
726	32.5438648931
727	32.4748169182
728	32.362128232
729	32.3210282469
730	32.2424151846
731	32.1542370348
732	32.1162755941
733	32.0639665222
734	31.9690629203
735	31.9427589299
736	31.9203407562
737	31.8384396951
738	31.8227469735
739	31.7916604394
740	31.7260499178
741	31.7287400986
742	31.6982513825
743	31.6432521297
744	31.6435510387
745	31.6184426842
746	31.5609027051
747	31.5736063369
748	31.5668808848
749	31.5174114482
750	31.5606037961
751	31.5649379764
752	31.5432670752
753	31.5698699746
754	31.5788372441
755	31.5641907039
756	31.6130623225
757	31.6493797639
758	31.6477357645
759	31.7090121058
760	31.739201913
761	31.7338215513
762	31.7947989837
763	31.8786429532
764	31.9031534898
765	31.9825138245
766	32.0532057988
767	32.083694515
768	32.1666417576
769	32.2329995516
770	32.2808249888
771	32.3736362278
772	32.4600209236
773	32.5008219997
774	32.5898968764
775	32.6862950232
776	32.7420415483
777	32.8483036915
778	32.9505305634
779	33.0100134509
780	33.1380959498
781	33.2380810043
782	33.2893438948
783	33.3996413092
784	33.4873710955
785	33.5405768943
786	33.6401135854
787	33.7504109999
788	33.8167687939
789	33.941563294
790	34.0644148857
791	34.1273352264
792	34.2673740846
793	34.3866387685
794	34.4480645643
795	34.5751008818
796	34.6595426693
797	34.730384098
798	34.8480047825
799	34.9354356598
800	34.9792258257
801	35.1005828725
802	35.2066955612
803	35.2636377223
804	35.3642205948
805	35.4562845614
806	35.4972350919
807	35.5984157824
808	35.6913764759
809	35.7372590046
810	35.83261097
811	35.8853684053
812	35.9188462113
813	36.016738903
814	36.0824988791
815	36.1064115977
816	36.1821850247
817	36.226124645
818	36.2439097295
819	36.3249140637
820	36.3802122254
821	36.4135405769
822	36.4860260051
823	36.5157674488
824	36.4917052757
825	36.5353459871
826	36.6012554177
827	36.5927365117
828	36.6389179495
829	36.6628306681
830	36.6321924974
831	36.65490958
832	36.6743386639
833	36.663428486
834	36.6943655657
835	36.7021371992
836	36.6429532207
837	36.6528172172
838	36.6411597669
839	36.5736063369
840	36.5957256016
841	36.6015543267
842	36.5458078015
843	36.5338514422
844	36.5076969063
845	36.4352114781
846	36.4380511134
847	36.403527126
848	36.3308922433
849	36.310715887
850	36.2787326259
851	36.2037064714
852	36.1738155732
853	36.1192646839
854	36.0272007174
855	36.0046330892
856	35.9556120161
857	35.8720669556
858	35.8333582424
859	35.7746226274
860	35.680466298
861	35.6428037663
862	35.5730085189
863	35.454042744
864	35.4036765805
865	35.3270064265
866	35.2066955612
867	35.1584217606
868	35.1028246899
869	35.0013450904
870	34.9469436557
871	34.8722164101
872	34.7756688088
873	34.7261993723
874	34.6501270363
875	34.5245852638
876	34.4727245554
877	34.4048722164
878	34.310416978
879	34.2616948139
880	34.1910028396
881	34.0780152444
882	34.0297414437
883	33.9819160066
884	33.9046480347
885	33.8681811388
886	33.8208040652
887	33.7369600957
888	33.7146913765
889	33.6816619339
890	33.5837692423
891	33.5665819758
892	33.5093409057
893	33.4095053056
894	33.3574951427
895	33.310715887
896	33.2515319085
897	33.2545209984
898	33.227320281
899	33.1315199522
900	33.1117919593
901	33.0723359737
902	33.0049319982
903	33.007622179
904	32.9937229114
905	32.9408160215
906	32.9372291137
907	32.9288596622
908	32.8852189508
909	32.9001643999
910	32.9031534898
911	32.88252877
912	32.9146614856
913	32.9100283964
914	32.8599611418
915	32.882229861
916	32.8950829472
917	32.8695262293
918	32.8900014945
919	32.9097294874
920	32.8991182185
921	32.9360334778
922	32.983858915
923	32.9692123748
924	33.0191301749
925	33.0632192497
926	33.0784636078
927	33.1371992228
928	33.1836795696
929	33.193543566
930	33.2446570019
931	33.3086235241
932	33.3190853385
933	33.369750411
934	33.4269914811
935	33.444627111
936	33.5069496338
937	33.5776416081
938	33.5997608728
939	33.6604393962
940	33.7085637423
941	33.7203706471
942	33.8086982514
943	33.8771484083
944	33.8729636826
945	33.932745479
946	33.9967120012
947	34.0270512629
948	34.1128381408
949	34.1646988492
950	34.1802421163
951	34.2588551786
952	34.3374682409
953	34.3775220445
954	34.4668958302
955	34.5268270812
956	34.5477507099
957	34.6266626812
958	34.6931699298
959	34.7085637423
960	34.7823942609
961	34.8508444179
962	34.8645942311
963	34.9535196533
964	35.0130025407
965	35.050515618
966	35.1449708564
967	35.2117770139
968	35.2332984606
969	35.2947242565
970	35.3510685996
971	35.3603347781
972	35.4307278434
973	35.4882678224
974	35.5211478105
975	35.5843670602
976	35.6269615902
977	35.6326408609
978	35.6988492004
979	35.7611717232
980	35.764160813
981	35.8212524286
982	35.8628007772
983	35.8601105963
984	35.8940367658
985	35.9113734868
986	35.9007622179
987	35.9548647437
988	36.0014945449
989	35.9878941862
990	36.0269018084
991	36.0735316096
992	36.0547003437
993	36.0947541474
994	36.1195635929
995	36.0832461515
996	36.1156777761
997	36.125990136
998	36.0841428785
999	36.0865341504
1000	36.0983410551
1001	36.0494694366
1002	36.0515617994
1003	36.0575399791
1004	36.008219997
1005	36.0272007174
1006	36.0273501719
1007	35.9699596473
1008	35.9780301898
1009	35.9689134658
1010	35.9146614856
1011	35.9254222089
1012	35.9294574802
1013	35.8693767748
1014	35.8617545957
1015	35.8300702436
1016	35.7788073532
1017	35.7864295322
1018	35.7780600807
1019	35.7181288298
1020	35.7100582873
1021	35.6819608429
1022	35.6292034076
1023	35.6085786878
1024	35.5609027051
1025	35.4728740099
1026	35.4340158422
1027	35.3811089523
1028	35.311612614
1029	35.2779853535
1030	35.2316544612
1031	35.1497534001
1032	35.1161261396
1033	35.0753250635
1034	34.9925272754
1035	34.9729487371
1036	34.9441040203
1037	34.8864145868
1038	34.8581676879
1039	34.8083993424
1040	34.7211179196
1041	34.6864444777
1042	34.647885219
1043	34.572111792
1044	34.5341503512
1045	34.5038110895
1046	34.4178747571
1047	34.3812584068
1048	34.3503213272
1049	34.2729039008
1050	34.2476460918
1051	34.2087879241
1052	34.1050665072
1053	34.0880286953
1054	34.0360185324
1055	33.9614407413
1056	33.9636825587
1057	33.9390225676
1058	33.8789418622
1059	33.8610073233
1060	33.8324615155
1061	33.7622179046
1062	33.74742191
1063	33.7381557316
1064	33.672844119
1065	33.655806307
1066	33.6432521297
1067	33.5927365117
1068	33.5822746974
1069	33.5676281572
1070	33.5163652668
1071	33.5165147213
1072	33.5153190853
1073	33.4646540129
1074	33.4712300105
1075	33.478702735
1076	33.4440292931
1077	33.4595725602
1078	33.4754147362
1079	33.4443282021
1080	33.4607681961
1081	33.4716783739
1082	33.453743835
1083	33.4651023763
1084	33.461664923
1085	33.4410402033
1086	33.4848303692
1087	33.5066507249
1088	33.487221641
1089	33.513376177
1090	33.5499925273
1091	33.5366910776
1092	33.5728590644
1093	33.588850695
1094	33.5878045135
1095	33.6339859513
1096	33.6876401136
1097	33.6812135705
1098	33.738903004
1099	33.7994320729
1100	33.8104917053
1101	33.8692273203
1102	33.9140636676
1103	33.9148109401
1104	33.9473920191
1105	33.9872963683
1106	33.9793752802
1107	34.0177850844
1108	34.075474518
1109	34.067852339
1110	34.1116425049
1111	34.1587206696
1112	34.1817366612
1113	34.2424151846
1114	34.2963682559
1115	34.3056344343
1116	34.3655656852
1117	34.4177253026
1118	34.4225078464
1119	34.4864743686
1120	34.5320579883
1121	34.5259303542
1122	34.5891496039
1123	34.6445972201
1124	34.6386190405
1125	34.6989986549
1126	34.7396502765
1127	34.7771633538
1128	34.8393364221
1129	34.8717680466
1130	34.8793902257
1131	34.9397698401
1132	34.9913316395
1133	34.9869974593
1134	35.0408010761
1135	35.0796592438
1136	35.0709908833
1137	35.1156777761
1138	35.1469137648
1139	35.1349574055
1140	35.1732177552
1141	35.2225377373
1142	35.2202959199
1143	35.268121357
1144	35.3032431625
1145	35.2981617098
1146	35.336272605
1147	35.3652667763
1148	35.3655656852
1149	35.3942609475
1150	35.4080107607
1151	35.3770736811
1152	35.3973994919
1153	35.4214616649
1154	35.4059183978
1155	35.4066656703
1156	35.4243013003
1157	35.4072634883
1158	35.4165296667
1159	35.4063667613
1160	35.3826034972
1161	35.3966522194
1162	35.4109998505
1163	35.3824540427
1164	35.3981467643
1165	35.4127933044
1166	35.3923180392
1167	35.4042743984
1168	35.403228217
1169	35.3603347781
1170	35.3821551338
1171	35.3805111344
1172	35.3316395158
1173	35.3364220595
1174	35.3165446122
1175	35.2808249888
1176	35.2881482589
1177	35.2921835301
1178	35.2492900912
1179	35.2630399043
1180	35.2669257211
1181	35.1924973845
1182	35.1999701091
1183	35.1806904797
1184	35.1379464953
1185	35.1222537737
1186	35.1143326857
1187	35.0720370647
1188	35.0621730683
1189	35.0499178
1190	34.9971603647
1191	34.9907338216
1192	34.9884920042
1193	34.9381258407
1194	34.9568076521
1195	34.9600956509
1196	34.9003138544
1197	34.9034523987
1198	34.9056942161
1199	34.8580182334
1200	34.8315647885
1201	34.8116873412
1202	34.7665520849
1203	34.7545957256
1204	34.730683007
1205	34.6670153938
1206	34.6613361232
1207	34.6587953968
1208	34.6236735914
1209	34.5996114183
1210	34.5828725153
1211	34.5610521596
1212	34.5313107159
1213	34.5168136302
1214	34.4689881931
1215	34.4513525631
1216	34.4331191152
1217	34.3933642206
1218	34.3761769541
1219	34.3622776864
1220	34.3228217008
1221	34.3083246152
1222	34.2974144373
1223	34.2615453594
1224	34.2567628157
1225	34.2494395457
1226	34.2231355552
1227	34.2186519205
1228	34.2247795546
1229	34.1794948438
1230	34.1820355702
1231	34.1790464803
1232	34.1643999402
1233	34.176206845
1234	34.1848752055
1235	34.134509042
1236	34.1439246749
1237	34.1373486773
1238	34.0896726947
1239	34.0975937827
1240	34.1241966821
1241	34.0886265132
1242	34.0932596025
1243	34.1002839635
1244	34.0677028845
1245	34.0745777911
1246	34.0955014198
1247	34.0702436108
1248	34.0796592438
1249	34.091615603
1250	34.0850396054
1251	34.109550142
1252	34.116873412
1253	34.0877297863
1254	34.1155283216
1255	34.1273352264
1256	34.125990136
1257	34.1340606785
1258	34.1570766702
1259	34.1457181288
1260	34.1669406666
1261	34.1883126588
1262	34.1678373935
1263	34.2083395606
1264	34.2252279181
1265	34.1893588402
1266	34.1996712001
1267	34.2140188313
1268	34.1736661187
1269	34.2114781049
1270	34.2332984606
1271	34.2019130175
1272	34.2306082798
1273	34.2703631744
1274	34.2582573606
1275	34.2830668062
1276	34.3241667912
1277	34.3166940667
1278	34.3693020475
1279	34.4045733074
1280	34.3679569571
1281	34.3912718577
1282	34.4387983859
1283	34.4380511134
1284	34.4507547452
1285	34.5015692722
1286	34.5006725452
1287	34.5310118069
1288	34.5476012554
1289	34.5564190704
1290	34.5777910626
1291	34.6027499626
1292	34.6058885069
1293	34.621132865
1294	34.6350321327
1295	34.6341354058
1296	34.6658197579
1297	34.7128979226
1298	34.7269466447
1299	34.7308324615
1300	34.757136452
1301	34.7607233597
1302	34.7983858915
1303	34.8364967867
1304	34.8205051562
1305	34.8279778807
1306	34.832013152
1307	34.8101927963
1308	34.8530862352
1309	34.8632491406
1310	34.8527873263
1311	34.8784934987
1312	34.9046480347
1313	34.8623524137
1314	34.8937378568
1315	34.9275145718
1316	34.906889852
1317	34.9384247497
1318	34.966821103
1319	34.9470931101
1320	34.9859512778
1321	35.0004483635
1322	34.983261097
1323	34.9907338216
1324	35.0143476311
1325	34.9946196383
1326	35.0286952623
1327	35.0369152593
1328	35.0179345389
1329	35.0179345389
1330	35.0360185324
1331	35.0200269018
1332	35.0354207144
1333	35.0409505306
1334	35.0150949036
1335	35.0321327156
1336	35.0390076222
1337	35.0113585413
1338	35.0372141683
1339	35.0715887012
1340	35.0526079809
1341	35.0819010611
1342	35.0914661486
1343	35.0641159767
1344	35.0790614258
1345	35.0965476013
1346	35.0660588851
1347	35.0647137946
1348	35.0503661635
1349	35.0056792707
1350	35.0186818114
1351	35.0180839934
1352	34.9890898221
1353	35.0010461814
1354	34.9940218204
1355	34.9547152892
1356	34.9457480197
1357	34.9340905694
1358	34.9119713047
1359	34.9194440293
1360	34.907188761
1361	34.9097294874
1362	34.8920938574
1363	34.8876102227
1364	34.856972052
1365	34.8505455089
1366	34.848752055
1367	34.8366462412
1368	34.8500971454
1369	34.8373935137
1370	34.7780600807
1371	34.7783589897
1372	34.8031684352
1373	34.7783589897
1374	34.7662531759
1375	34.7522044537
1376	34.7030339262
1377	34.7140935585
1378	34.730981916
1379	34.7254520998
1380	34.7424899118
1381	34.7300851891
1382	34.7004931998
1383	34.7093110148
1384	34.714541922
1385	34.6806157525
1386	34.6846510238
1387	34.6840532058
1388	34.6442983112
1389	34.6456434016
1390	34.6442983112
1391	34.6042445075
1392	34.5909430578
1393	34.580331789
1394	34.5615005231
1395	34.5664325213
1396	34.58003288
1397	34.5499925273
1398	34.5493947093
1399	34.5372888955
1400	34.496637274
1401	34.4885667314
1402	34.4822896428
1403	34.453444926
1404	34.4489612913
1405	34.4535943805
1406	34.4226573009
1407	34.4296816619
1408	34.4384994769
1409	34.4060678523
1410	34.4216111194
1411	34.4266925721
1412	34.3963533104
1413	34.3911224032
1414	34.3945598565
1415	34.3630249589
1416	34.3709460469
1417	34.3757285906
1418	34.3305933343
1419	34.3304438798
1420	34.3370198774
1421	34.3184875205
1422	34.343894784
1423	34.3580929607
1424	34.3273053355
1425	34.3279031535
1426	34.3545060529
1427	34.3462860559
1428	34.3545060529
1429	34.3796144074
1430	34.3722911373
1431	34.3601853236
1432	34.3616798685
1433	34.3346286056
1434	34.3413540577
1435	34.3483784188
1436	34.3216260649
1437	34.3322373337
1438	34.3389627858
1439	34.3226722463
1440	34.3304438798
1441	34.3177402481
1442	34.3083246152
1443	34.3343296966
1444	34.335674787
1445	34.3132566134
1446	34.3210282469
1447	34.3419518757
1448	34.3183380661
1449	34.3279031535
1450	34.3595875056
1451	34.3383649679
1452	34.335375878
1453	34.3385144224
1454	34.3177402481
1455	34.3494246002
1456	34.3761769541
1457	34.3560005978
1458	34.369750411
1459	34.3755791362
1460	34.3670602302
1461	34.3842474966
1462	34.3973994919
1463	34.3642205948
1464	34.3824540427
1465	34.3914213122
1466	34.369152593
1467	34.370348229
1468	34.3734867733
1469	34.3489762367
1470	34.3598864146
1471	34.3764758631
1472	34.361530414
1473	34.3748318637
1474	34.3987445823
1475	34.3800627709
1476	34.3888805859
1477	34.3982962188
1478	34.3655656852
1479	34.3903751308
1480	34.3987445823
1481	34.3736362278
1482	34.3830518607
1483	34.3991929457
1484	34.3715438649
1485	34.3784187715
1486	34.403826035
1487	34.3728889553
1488	34.3781198625
1489	34.3749813182
1490	34.3564489613
1491	34.3664624122
1492	34.3698998655
1493	34.3589896876
1494	34.3737856823
1495	34.3836496787
1496	34.3554027799
1497	34.3630249589
1498	34.3908234942
1499	34.361530414
1500	34.3570467793
1501	34.3637722314
1502	34.3264086086
1503	34.3207293379
1504	34.327155881
1505	34.3187864295
1506	34.3465849649
1507	34.3264086086
1508	34.3081751607
1509	34.3256613361
1510	34.3219249738
1511	34.2986100732
1512	34.3137049768
1513	34.3259602451
1514	34.2986100732
1515	34.301898072
1516	34.3035420714
1517	34.2788820804
1518	34.27753699
1519	34.2805260798
1520	34.2567628157
1521	34.285756987
1522	34.3004035271
1523	34.2630399043
1524	34.2711104469
1525	34.2868031684
1526	34.2675235391
1527	34.2865042595
1528	34.2760424451
1529	34.2301599163
1530	34.2482439097
1531	34.2461515469
1532	34.2171573756
1533	34.1917501121
1534	34.1871170229
1535	34.167986848
1536	34.1742639366
1537	34.1784486624
1538	34.1660439396
1539	34.1787475714
1540	34.1889104768
1541	34.1838290241
1542	34.1785981169
1543	34.1823344792
1544	34.168584666
1545	34.1663428486
1546	34.1826333881
1547	34.1507995815
1548	34.1641010312
1549	34.1720221193
1550	34.1367508594
1551	34.1318188612
1552	34.126289045
1553	34.1067105067
1554	34.0984905096
1555	34.1044686893
1556	34.0602301599
1557	34.0778657899
1558	34.0748767
1559	34.0388581677
1560	34.0506650725
1561	34.0582872515
1562	34.0614257958
1563	34.0848901509
1564	34.0946046929
1565	34.0723359737
1566	34.0780152444
1567	34.084292333
1568	34.0473770737
1569	34.0544014348
1570	34.059333433
1571	34.0192796294
1572	34.0239127186
1573	34.0243610821
1574	34.0062770886
1575	34.0357196234
1576	34.0573905246
1577	34.0446868928
1578	34.0482738006
1579	34.0446868928
1580	34.0399043491
1581	34.0443879839
1582	34.0481243461
1583	34.0387087132
1584	34.0520101629
1585	34.0632192497
1586	34.0186818114
1587	34.0412494395
1588	34.0488716186
1589	34.025556718
1590	34.0351218054
1591	34.0440890749
1592	34.0203258108
1593	34.0186818114
1594	34.0119563593
1595	33.9962636377
1596	34.0025407263
1597	34.0116574503
1598	33.9844567329
1599	33.992377821
1600	33.9974592737
1601	33.9719025557
1602	33.9751905545
1603	33.9811687341
1604	33.9439545658
1605	33.966223285
1606	33.9904349126
1607	33.9813181886
1608	33.9771334629
1609	33.9890898221
1610	33.9683156479
1611	33.9736960096
1612	33.9801225527
1613	33.9701091018
1614	33.9695112838
1615	33.9880436407
1616	33.9680167389
1617	33.9841578239
1618	34.0064265431
1619	34.0019429084
1620	34.0198774473
1621	34.0249589
1622	34.0158421761
1623	34.0342250785
1624	34.0660588851
1625	34.0421461665
1626	34.0418472575
1627	34.0792108803
1628	34.058735615
1629	34.0787625168
1630	34.0844417875
1631	34.0721865192
1632	34.0999850546
1633	34.0938574204
1634	34.0753250635
1635	34.0826483336
1636	34.0783141533
1637	34.050515618
1638	34.0793603348
1639	34.0844417875
1640	34.0732327006
1641	34.0854879689
1642	34.0977432372
1643	34.0835450605
1644	34.1064115977
1645	34.1141832312
1646	34.1059632342
1647	34.1219548647
1648	34.1165745031
1649	34.1023763264
1650	34.1153788671
1651	34.1073083246
1652	34.0841428785
1653	34.1008817815
1654	34.1261395905
1655	34.0947541474
1656	34.101629054
1657	34.1058137797
1658	34.0896726947
1659	34.1138843222
1660	34.1231505007
1661	34.1011806905
1662	34.1040203258
1663	34.100732327
1664	34.0756239725
1665	34.0886265132
1666	34.1126886863
1667	34.0865341504
1668	34.091914512
1669	34.0896726947
1670	34.0653116126
1671	34.0786130623
1672	34.0824988791
1673	34.0499178
1674	34.0627708863
1675	34.0875803318
1676	34.0650127036
1677	34.0877297863
1678	34.0886265132
1679	34.0629203408
1680	34.0688985204
1681	34.0741294276
1682	34.0409505306
1683	34.0569421611
1684	34.0684501569
1685	34.0285458078
1686	34.0283963533
1687	34.0440890749
1688	34.0155432671
1689	34.0122552683
1690	34.0119563593
1691	33.9600956509
1692	33.9551636527
1693	33.9713047377
1694	33.9689134658
1695	33.9581527425
1696	33.9765356449
1697	33.9475414736
1698	33.9587505605
1699	33.9633836497
1700	33.9288596622
1701	33.9424600209
1702	33.9385742042
1703	33.9145120311
1704	33.9106262143
1705	33.8835749514
1706	33.88252877
1707	33.9065909431
1708	33.9010611269
1709	33.8826782245
1710	33.8982214916
1711	33.8874607682
1712	33.8723658646
1713	33.8738604095
1714	33.8852189508
1715	33.8645942311
1716	33.8626513227
1717	33.8511433269
1718	33.8379913316
1719	33.8429233298
1720	33.8463607831
1721	33.8356000598
1722	33.8478553281
1723	33.8524884173
1724	33.8553280526
1725	33.8713196832
1726	33.8801374981
1727	33.8599611418
1728	33.8925422209
1729	33.9182483934
1730	33.9097294874
1731	33.916006576
1732	33.9224331191
1733	33.9164549395
1734	33.9264683904
1735	33.9506800179
1736	33.9699596473
1737	33.992377821
1738	33.9947690928
1739	33.9602451054
1740	33.9778807353
1741	33.9775818263
1742	33.9696607383
1743	33.991481094
1744	34.0061276341
1745	33.9904349126
1746	34.0254072635
1747	34.0342250785
1748	34.0055298162
1749	34.0192796294
1750	34.0285458078
1751	34.0121058138
1752	34.0273501719
1753	34.0403527126
1754	34.0366163503
1755	34.066955612
1756	34.0677028845
1757	34.0484232551
1758	34.0635181587
1759	34.0762217905
1760	34.0472276192
1761	34.0614257958
1762	34.0827977881
1763	34.067852339
1764	34.1038708713
1765	34.1046181438
1766	34.0862352414
1767	34.0783141533
1768	34.0850396054
1769	34.0529068899
1770	34.0561948887
1771	34.0724854282
1772	34.0662083396
1773	34.0781646988
1774	34.0847406965
1775	34.0762217905
1776	34.0721865192
1777	34.0766701539
1778	34.0696457929
1779	34.0742788821
1780	34.0599312509
1781	34.0458825288
1782	34.0605290689
1783	34.0627708863
1784	34.0520101629
1785	34.0470781647
1786	34.0526079809
1787	34.0236138096
1788	34.0357196234
1789	34.0570916156
1790	34.0397548946
1791	34.0449858018
1792	34.059333433
1793	34.0536541623
1794	34.0632192497
1795	34.0557465252
1796	34.0427439845
1797	34.0446868928
1798	34.0396054401
1799	33.9988043641
1800	33.9971603647
1801	33.9946196383
1802	33.9714541922
1803	33.9689134658
1804	33.9707069197
1805	33.9538185622
1806	33.9345389329
1807	33.9367807503
1808	33.9091316694
1809	33.8811836796
1810	33.8795396802
1811	33.8539829622
1812	33.8744582275
1813	33.8980720371
1814	33.8847705874
1815	33.8761022269
1816	33.8714691376
1817	33.8275295173
1818	33.8433716933
1819	33.8178149753
1820	33.7868778957
1821	33.8060080705
1822	33.8097444328
1823	33.7939022568
1824	33.8142280676
1825	33.8309669706
1826	33.7943506202
1827	33.7931549843
1828	33.799133164
1829	33.7856822598
1830	33.7912120759
1831	33.8122851592
1832	33.7864295322
1833	33.8015244358
1834	33.8027200717
1835	33.7759677178
1836	33.7904648035
1837	33.7834404424
1838	33.7752204454
1839	33.7759677178
1840	33.7791062621
1841	33.7675982663
1842	33.7780600807
1843	33.7898669855
1844	33.76505754
1845	33.7598266328
1846	33.756538634
1847	33.7387535495
1848	33.7465251831
1849	33.7675982663
1850	33.7501120909
1851	33.7628157226
1852	33.7637124496
1853	33.7469735466
1854	33.7529517262
1855	33.7536989987
1856	33.7432371843
1857	33.7460768196
1858	33.7623673591
1859	33.7365117322
1860	33.7279928262
1861	33.7181288298
1862	33.6880884771
1863	33.6997459274
1864	33.6989986549
1865	33.6762815723
1866	33.67254521
1867	33.663428486
1868	33.6513226722
1869	33.6448961291
1870	33.6420564938
1871	33.6413092213
1872	33.6447466746
1873	33.6514721267
1874	33.6456434016
1875	33.6517710357
1876	33.6592437603
1877	33.6522193992
1878	33.6599910327
1879	33.688686295
1880	33.6662681214
1881	33.6827081154
1882	33.7001942908
1883	33.6785233896
1884	33.7031833807
1885	33.7081153789
1886	33.6785233896
1887	33.6874906591
1888	33.7242564639
1889	33.6937677477
1890	33.7090121058
1891	33.7291884621
1892	33.7259004633
1893	33.7532506352
1894	33.7544462711
1895	33.739500822
1896	33.7475713645
1897	33.7420415483
1898	33.7114033777
1899	33.7308324615
1900	33.7433866388
1901	33.7254520998
1902	33.7424899118
1903	33.757136452
1904	33.7478702735
1905	33.7502615454
1906	33.7616200867
1907	33.7638619041
1908	33.7705873562
1909	33.7668509939
1910	33.7634135406
1911	33.7755193544
1912	33.7945000747
1913	33.7862800777
1914	33.7949484382
1915	33.7971902556
1916	33.7819458975
1917	33.7959946196
1918	33.8118367957
1919	33.8042146166
1920	33.8140786131
1921	33.8336571514
1922	33.8185622478
1923	33.8409804215
1924	33.8512927813
1925	33.8432222388
1926	33.8663876849
1927	33.866088776
1928	33.8541324167
1929	33.8705724107
1930	33.8796891347
1931	33.8801374981
1932	33.9065909431
1933	33.9366312958
1934	33.9481392916
1935	33.966821103
1936	33.9781796443
1937	33.9769840084
1938	34.0008967269
1939	34.0143476311
1940	33.9971603647
1941	34.0067254521
1942	34.0203258108
1943	34.0234643551
1944	34.0203258108
1945	34.0309370797
1946	34.0177850844
1947	34.0251083545
1948	34.0370647138
1949	34.0319832611
1950	34.0267523539
1951	34.0421461665
1952	34.0280974443
1953	34.0469287102
1954	34.042295621
1955	34.0260050815
1956	34.0405021671
1957	34.0415483485
1958	34.0185323569
1959	34.0270512629
1960	34.0361679868
1961	33.9977581826
1962	34.0233149006
1963	34.0388581677
1964	34.000597818
1965	34.0107607234
1966	34.007622179
1967	33.9904349126
1968	34.0059781796
1969	34.0125541773
1970	34.0040352713
1971	34.0272007174
1972	34.0352712599
1973	34.0330294425
1974	34.0303392617
1975	34.0283963533
1976	34.0179345389
1977	34.0100134509
1978	34.0149454491
1979	33.9898370946
1980	34.0095650874
1981	34.009116724
1982	33.98236437
1983	33.9844567329
1984	33.983560006
1985	33.9609923778
1986	33.9641309221
1987	33.9696607383
1988	33.9692123748
1989	33.9686145569
1990	33.9733971006
1991	33.9672694664
1992	33.9868480048
1993	34.0086683605
1994	33.9843072784
1995	34.0032879988
1996	33.9964130922
1997	33.9801225527
1998	33.9863996413
1999	33.9689134658
2000	33.9695112838
