-2000	17.0854879689
-1990	17.0351218054
-1980	16.9807203706
-1970	16.9224331191
-1960	16.8888058586
-1950	16.8775967718
-1940	16.9264683904
-1930	16.9517261994
-1920	17.0263039904
-1910	17.1011806905
-1900	17.176505754
-1890	17.2612464505
-1880	17.2932297116
-1870	17.318935884
-1860	17.319533702
-1850	17.2582573606
-1840	17.1513973995
-1830	17.0968465102
-1820	16.9813181886
-1810	16.9228814826
-1800	16.932745479
-1790	16.9402182036
-1780	17.0567927066
-1770	17.151546854
-1760	17.2310566433
-1750	17.3471827828
-1740	17.444627111
-1730	17.4627111045
-1720	17.5305634434
-1710	17.4984307278
-1700	17.4450754745
-1690	17.4495591093
-1680	17.4021820356
-1670	17.3328351517
-1660	17.3036915259
-1650	17.2274697355
-1640	17.1775519354
-1630	17.1431774025
-1620	17.1218054103
-1610	17.1358541324
-1600	17.1712748468
-1590	17.1748617546
-1580	17.2454042744
-1570	17.3592885966
-1560	17.4030787625
-1550	17.4204154835
-1540	17.370348229
-1530	17.2839635331
-1520	17.2140188313
-1510	17.1370497683
-1500	17.0283963533
-1490	16.9390225676
-1480	16.8922433119
-1470	16.8850694963
-1460	16.9306531161
-1450	17.0001494545
-1440	17.0545508893
-1430	17.1563293977
-1420	17.2334479151
-1410	17.2700642654
-1400	17.3667613212
-1390	17.461963832
-1380	17.4846809147
-1370	17.5159169033
-1360	17.5857121507
-1350	17.5759976087
-1340	17.5685248842
-1330	17.5305634434
-1320	17.5174114482
-1310	17.5160663578
-1300	17.5006725452
-1290	17.4909580033
-1280	17.5328052608
-1270	17.545658347
-1260	17.5777910626
-1250	17.5933343297
-1240	17.5317590794
-1230	17.4727245554
-1220	17.3854431326
-1210	17.2888955313
-1200	17.2503362726
-1190	17.1620086684
-1180	17.0981916007
-1170	17.0853385144
-1160	17.1195635929
-1150	17.1854730235
-1140	17.2977133463
-1130	17.3764758631
-1120	17.5076969063
-1110	17.630847407
-1100	17.7780600807
-1090	17.9015094904
-1080	17.965625467
-1070	17.9479898371
-1060	17.9161560305
-1050	17.8931400389
-1040	17.8412793304
-1030	17.7368106412
-1020	17.6688088477
-1010	17.5661336123
-1000	17.5065012704
-990	17.4340158422
-980	17.3435958751
-970	17.2461515469
-960	17.2491406367
-950	17.2615453594
-940	17.2893438948
-930	17.4235540278
-920	17.5244358093
-910	17.6420564938
-900	17.730981916
-890	17.8115378867
-880	17.8372440592
-870	17.8214018831
-860	17.7117022867
-850	17.6048423255
-840	17.5147212674
-830	17.4015842176
-820	17.2585562696
-810	17.150650127
-800	17.0920639665
-790	17.1119414138
-780	17.1617097594
-770	17.2739500822
-760	17.4074129428
-750	17.5680765207
-740	17.7429382753
-730	17.8868629502
-720	17.9878941862
-710	18.0451352563
-700	18.0953519653
-690	18.0101629054
-680	17.9757883724
-670	17.8941862203
-660	17.8113884322
-650	17.7529517262
-640	17.723060828
-630	17.6590943058
-620	17.6930204753
-610	17.7925571663
-600	17.8587655059
-590	17.9299058437
-580	17.9929756389
-570	18.0387087132
-560	18.0943057839
-550	18.1279330444
-540	18.1464654013
-530	18.1563293977
-520	18.1971304738
-510	18.2044537438
-500	18.1766552085
-490	18.1328650426
-480	18.0972948737
-470	18.0086683605
-460	17.9801225527
-450	18.0201763563
-440	18.0869825138
-430	18.1630548498
-420	18.2603497235
-410	18.4102525781
-400	18.5186070841
-390	18.7100582873
-380	18.7235091915
-370	18.7649080855
-360	18.7791062621
-350	18.7495142729
-340	18.730981916
-330	18.6765804812
-320	18.5670303393
-310	18.5534299806
-300	18.5875056045
-290	18.5972201465
-280	18.6428037663
-270	18.714541922
-260	18.7853833508
-250	18.856374234
-240	18.9630847407
-230	19.0406516216
-220	19.1494544911
-210	19.3208787924
-200	19.3539082349
-190	19.4259452997
-180	19.4939470931
-170	19.4697354656
-160	19.3884322224
-150	19.4574801973
-140	19.503362726
-130	19.7016888357
-120	19.966223285
-110	20.6184426842
-100	21.0865341504
-90	21.5556717979
-80	21.8341055149
-70	21.9430578389
-60	21.8723658646
-50	21.5117321776
-40	20.7472724555
-30	19.8202062472
-20	18.8571215065
-10	17.8294724256
0	16.8001793454
10	15.8046629801
20	14.9414138395
30	14.1463159468
40	13.7625168136
50	13.4848303692
60	13.4062173068
70	13.4885667314
80	13.6764310268
90	13.8965774922
100	14.2379315498
110	14.402929308
120	14.5839186968
130	14.8031684352
140	14.9828127335
150	15.1913017486
160	15.4371543865
170	15.7782095352
180	16.150650127
190	16.5220445374
200	16.8378418771
210	17.184426842
220	17.5159169033
230	17.8130324316
240	17.9742938275
250	18.092213421
260	18.1875653863
270	18.150949036
280	18.0738305186
290	17.9611418323
300	17.8465102376
310	17.7771633538
320	17.7049768346
330	17.647885219
340	17.7033328352
350	17.81497534
360	17.9447018383
370	18.0264534449
380	18.1337617695
390	18.2905395307
400	18.395606038
410	18.4232551188
420	18.4181736661
430	18.3510685996
440	18.268719175
450	18.1675384845
460	18.0570916156
470	17.9293080257
480	17.8587655059
490	17.841129876
500	17.8157226125
510	17.8066058885
520	17.8713196832
530	17.9325960245
540	18.0529068899
550	18.0953519653
560	18.1005828725
570	18.0963981468
580	18.0872814228
590	18.0298908982
600	17.9364818413
610	17.7994320729
620	17.6861455687
630	17.5852637872
640	17.4803467344
650	17.3684053206
660	17.310416978
670	17.276640263
680	17.2879988044
690	17.2848602601
700	17.3199820655
710	17.3379166044
720	17.4283365715
730	17.4867732775
740	17.520699447
750	17.5105365416
760	17.4386489314
770	17.403826035
780	17.3504707816
790	17.269018084
800	17.1860708414
810	17.091914512
820	17.058436706
830	17.0336272605
840	17.0270512629
850	17.0008967269
860	16.9959647287
870	16.949185473
880	16.9710058287
890	17.0013450904
900	17.0025407263
910	16.9938723659
920	17.0342250785
930	16.9698101928
940	16.9716036467
950	16.8841727694
960	16.8049618891
970	16.7971902556
980	16.7850844418
990	16.7930055298
1000	16.8372440592
