-2000	36.1264384995
-1999	36.1319683156
-1998	36.1322672246
-1997	36.1224032282
-1996	36.1246450456
-1995	36.1343595875
-1994	36.1179195935
-1993	36.1131370498
-1992	36.0990883276
-1991	36.100433418
-1990	36.1008817815
-1989	36.0965476013
-1988	36.1147810492
-1987	36.0908683306
-1986	36.0932596025
-1985	36.0949036019
-1984	36.1040203258
-1983	36.1064115977
-1982	36.0972948737
-1981	36.0958003288
-1980	36.1147810492
-1979	36.1123897773
-1978	36.1032730534
-1977	36.1197130474
-1976	36.1189657749
-1975	36.1120908683
-1974	36.0996861456
-1973	36.1052159617
-1972	36.1108952324
-1971	36.1176206845
-1970	36.1195635929
-1969	36.1120908683
-1968	36.1074577791
-1967	36.0955014198
-1966	36.1008817815
-1965	36.0881781498
-1964	36.0766701539
-1963	36.0784636078
-1962	36.0941563294
-1961	36.083694515
-1960	36.0715887012
-1959	36.0816021521
-1958	36.0723359737
-1957	36.0726348827
-1956	36.0881781498
-1955	36.075474518
-1954	36.067254521
-1953	36.066656703
-1952	36.0599312509
-1951	36.058735615
-1950	36.059632342
-1949	36.0603796144
-1948	36.0591839785
-1947	36.0654610671
-1946	36.0633687042
-1945	36.0629203408
-1944	36.0747272456
-1943	36.0874308773
-1942	36.092811239
-1941	36.0999850546
-1940	36.1070094156
-1939	36.1141832312
-1938	36.1298759528
-1937	36.1534897624
-1936	36.1712748468
-1935	36.1866686594
-1934	36.1904050217
-1933	36.2089373786
-1932	36.2141682858
-1931	36.2279180989
-1930	36.2551188163
-1929	36.2419668211
-1928	36.2473471828
-1927	36.2567628157
-1926	36.2473471828
-1925	36.243760275
-1924	36.2603497235
-1923	36.2537737259
-1922	36.2542220894
-1921	36.2706620834
-1920	36.2726049918
-1919	36.2712599014
-1918	36.2812733523
-1917	36.2794798984
-1916	36.269018084
-1915	36.2714093559
-1914	36.3059333433
-1913	36.3311911523
-1912	36.3314900613
-1911	36.3322373337
-1910	36.3331340607
-1909	36.3418024212
-1908	36.3540576894
-1907	36.3539082349
-1906	36.3562995068
-1905	36.3824540427
-1904	36.3830518607
-1903	36.3818562248
-1902	36.3730384098
-1901	36.3781198625
-1900	36.378867135
-1899	36.3577940517
-1898	36.3462860559
-1897	36.3542071439
-1896	36.3743835002
-1895	36.3794649529
-1894	36.3812584068
-1893	36.386788223
-1892	36.3767747721
-1891	36.3627260499
-1890	36.3551038709
-1889	36.3515169631
-1888	36.3549544164
-1887	36.3658645942
-1886	36.3642205948
-1885	36.3734867733
-1884	36.3730384098
-1883	36.3582424152
-1882	36.3670602302
-1881	36.3515169631
-1880	36.3576445972
-1879	36.3485278733
-1878	36.3455387834
-1877	36.335973696
-1876	36.3476311463
-1875	36.3488267822
-1874	36.3459871469
-1873	36.3431475116
-1872	36.3429980571
-1871	36.3358242415
-1870	36.3184875205
-1869	36.3122104319
-1868	36.3050366164
-1867	36.3098191601
-1866	36.3039904349
-1865	36.3002540726
-1864	36.2977133463
-1863	36.2896428038
-1862	36.2839635331
-1861	36.2935286205
-1860	36.2770886265
-1859	36.2657300852
-1858	36.2497384546
-1857	36.2379315498
-1856	36.2271708265
-1855	36.2223882828
-1854	36.2117770139
-1853	36.2062471977
-1852	36.2111791959
-1851	36.1971304738
-1850	36.1969810193
-1849	36.1854730235
-1848	36.1702286654
-1847	36.1546853983
-1846	36.1522941264
-1845	36.1403377671
-1844	36.1331639516
-1843	36.1330144971
-1842	36.1271857719
-1841	36.1161261396
-1840	36.0914661486
-1839	36.0750261545
-1838	36.0697952473
-1837	36.0561948887
-1836	36.0418472575
-1835	36.0286952623
-1834	36.0053803617
-1833	35.9950680018
-1832	35.9862501868
-1831	35.9766850994
-1830	35.9702585563
-1829	35.9822149156
-1828	35.975340009
-1827	35.9727992826
-1826	35.9810192796
-1825	35.9775818263
-1824	35.9765356449
-1823	35.9479898371
-1822	35.9345389329
-1821	35.9312509341
-1820	35.9227320281
-1819	35.9308025706
-1818	35.9381258407
-1817	35.9481392916
-1816	35.9593483784
-1815	35.9551636527
-1814	35.9520251084
-1813	35.9473920191
-1812	35.9466447467
-1811	35.9420116575
-1810	35.9266178449
-1809	35.9206396652
-1808	35.9249738455
-1807	35.908085488
-1806	35.9149603946
-1805	35.916604394
-1804	35.9152593035
-1803	35.9046480347
-1802	35.8871618592
-1801	35.8862651323
-1800	35.8879091317
-1799	35.8892542221
-1798	35.8834254969
-1797	35.8861156778
-1796	35.8932894933
-1795	35.8919444029
-1794	35.9018083993
-1793	35.9233298461
-1792	35.9272156628
-1791	35.9213869377
-1790	35.9306531161
-1789	35.9189956658
-1788	35.9013600359
-1787	35.9016589449
-1786	35.9261694814
-1785	35.9358840233
-1784	35.9378269317
-1783	35.9496338365
-1782	35.9653265581
-1781	35.9708563742
-1780	35.9692123748
-1779	35.9572560155
-1778	35.9560603796
-1777	35.9515767449
-1776	35.9559109251
-1775	35.9463458377
-1774	35.9699596473
-1773	35.9956658198
-1772	35.999701091
-1771	36.0017934539
-1770	36.0086683605
-1769	36.0049319982
-1768	36.0110596323
-1767	36.0330294425
-1766	36.0463308922
-1765	36.0532057988
-1764	36.0775668809
-1763	36.0960992378
-1762	36.0977432372
-1761	36.1218054103
-1760	36.1258406815
-1759	36.1105963234
-1758	36.1173217755
-1757	36.1366014049
-1756	36.1464654013
-1755	36.1696308474
-1754	36.1869675684
-1753	36.1883126588
-1752	36.2040053804
-1751	36.2125242864
-1750	36.2325511882
-1749	36.2385293678
-1748	36.2504857271
-1747	36.2625915409
-1746	36.2657300852
-1745	36.269316993
-1744	36.2767897175
-1743	36.2733522642
-1742	36.2842624421
-1741	36.2956209834
-1740	36.3057838888
-1739	36.3081751607
-1738	36.3265580631
-1737	36.3440442385
-1736	36.3515169631
-1735	36.3492751457
-1734	36.3464355104
-1733	36.3429980571
-1732	36.3468838739
-1731	36.3513675086
-1730	36.3413540577
-1729	36.3497235092
-1728	36.3539082349
-1727	36.3666118667
-1726	36.3582424152
-1725	36.3646689583
-1724	36.3712449559
-1723	36.3727395008
-1722	36.3976984008
-1721	36.3936631296
-1720	36.3824540427
-1719	36.3799133164
-1718	36.3930653116
-1717	36.3869376775
-1716	36.4077118517
-1715	36.4121954865
-1714	36.4162307577
-1713	36.4009863996
-1712	36.3936631296
-1711	36.3857420415
-1710	36.3817067703
-1709	36.3670602302
-1708	36.3660140487
-1707	36.3672096847
-1706	36.3846958601
-1705	36.3824540427
-1704	36.4015842176
-1703	36.3962038559
-1702	36.4151845763
-1701	36.395307129
-1700	36.3832013152
-1699	36.3821551338
-1698	36.3754296817
-1697	36.3854431326
-1696	36.394709311
-1695	36.3906740398
-1694	36.3902256763
-1693	36.4051711254
-1692	36.41996712
-1691	36.4130922134
-1690	36.3915707667
-1689	36.3942609475
-1688	36.386190405
-1687	36.378269317
-1686	36.3855925871
-1685	36.3905245853
-1684	36.3772231356
-1683	36.3745329547
-1682	36.3519653266
-1681	36.3310416978
-1680	36.335674787
-1679	36.3171424301
-1678	36.3241667912
-1677	36.318935884
-1676	36.3252129726
-1675	36.3293976984
-1674	36.328052608
-1673	36.3379166044
-1672	36.3485278733
-1671	36.3295471529
-1670	36.3250635182
-1669	36.3258107906
-1668	36.3262591541
-1667	36.3228217008
-1666	36.3187864295
-1665	36.3126587954
-1664	36.3131071589
-1663	36.3126587954
-1662	36.3108653415
-1661	36.3265580631
-1660	36.3252129726
-1659	36.3087729786
-1658	36.3111642505
-1657	36.32013152
-1656	36.3172918846
-1655	36.3244657002
-1654	36.32745479
-1653	36.3352264236
-1652	36.3308922433
-1651	36.3184875205
-1650	36.311612614
-1649	36.2735017187
-1648	36.2618442684
-1647	36.2667762666
-1646	36.268420266
-1645	36.2624420864
-1644	36.2724555373
-1643	36.2582573606
-1642	36.2685697205
-1641	36.2726049918
-1640	36.277835899
-1639	36.2657300852
-1638	36.2724555373
-1637	36.2748468091
-1636	36.2911373487
-1635	36.2980122553
-1634	36.3023464355
-1633	36.2908384397
-1632	36.2993573457
-1631	36.2915857122
-1630	36.2996562547
-1629	36.2996562547
-1628	36.3099686146
-1627	36.3059333433
-1626	36.3090718876
-1625	36.3199820655
-1624	36.3089224331
-1623	36.3099686146
-1622	36.3063817068
-1621	36.2987595277
-1620	36.2887460768
-1619	36.2767897175
-1618	36.2714093559
-1617	36.293678075
-1616	36.3183380661
-1615	36.3235689732
-1614	36.3389627858
-1613	36.3434464206
-1612	36.3268569721
-1611	36.3258107906
-1610	36.3205798834
-1609	36.3293976984
-1608	36.3410551487
-1607	36.3551038709
-1606	36.3628755044
-1605	36.3598864146
-1604	36.3560005978
-1603	36.3649678673
-1602	36.3851442236
-1601	36.3839485877
-1600	36.3713944104
-1599	36.3743835002
-1598	36.386190405
-1597	36.3769242266
-1596	36.3706471379
-1595	36.3770736811
-1594	36.3839485877
-1593	36.3802122254
-1592	36.37004932
-1591	36.3758780451
-1590	36.3830518607
-1589	36.3812584068
-1588	36.3751307727
-1587	36.386190405
-1586	36.403228217
-1585	36.402630399
-1584	36.3969511284
-1583	36.3969511284
-1582	36.3860409505
-1581	36.3758780451
-1580	36.3727395008
-1579	36.3678075026
-1578	36.3733373188
-1577	36.3884322224
-1576	36.3960544014
-1575	36.4101031236
-1574	36.403527126
-1573	36.4009863996
-1572	36.411149305
-1571	36.4104020326
-1570	36.4042743984
-1569	36.4081602152
-1568	36.3966522194
-1567	36.386190405
-1566	36.4059183978
-1565	36.4084591242
-1564	36.4118965775
-1563	36.395606038
-1562	36.3906740398
-1561	36.3849947691
-1560	36.3796144074
-1559	36.3628755044
-1558	36.3663129577
-1557	36.3619787775
-1556	36.3560005978
-1555	36.3577940517
-1554	36.3582424152
-1553	36.3504707816
-1552	36.3479300553
-1551	36.3476311463
-1550	36.3355253325
-1549	36.3267075176
-1548	36.3141533403
-1547	36.3299955164
-1546	36.3177402481
-1545	36.3171424301
-1544	36.3108653415
-1543	36.2811238978
-1542	36.2833657151
-1541	36.2848602601
-1540	36.2866537139
-1539	36.2957704379
-1538	36.3005529816
-1537	36.302196981
-1536	36.2957704379
-1535	36.2678224481
-1534	36.2442086385
-1533	36.2452548199
-1532	36.2416679121
-1531	36.2409206397
-1530	36.2298610073
-1529	36.2041548349
-1528	36.2104319235
-1527	36.2087879241
-1526	36.1892093857
-1525	36.1827828426
-1524	36.2044537438
-1523	36.2155133762
-1522	36.2092362876
-1521	36.2053504708
-1520	36.2155133762
-1519	36.2205948289
-1518	36.2180541025
-1517	36.2183530115
-1516	36.2373337319
-1515	36.2371842774
-1514	36.242863548
-1513	36.2370348229
-1512	36.2304588253
-1511	36.2442086385
-1510	36.2548199073
-1509	36.2694664475
-1508	36.2619937229
-1507	36.2622926319
-1506	36.2718577193
-1505	36.268420266
-1504	36.2573606337
-1503	36.2561649978
-1502	36.2407711852
-1501	36.2560155433
-1500	36.2570617247
-1499	36.2498879091
-1498	36.2533253624
-1497	36.2640860858
-1496	36.2691675385
-1495	36.268420266
-1494	36.2770886265
-1493	36.2784337169
-1492	36.2853086235
-1491	36.2900911672
-1490	36.2953220744
-1489	36.2929308026
-1488	36.2902406217
-1487	36.3015991631
-1486	36.3262591541
-1485	36.327753699
-1484	36.3249140637
-1483	36.3397100583
-1482	36.3304438798
-1481	36.3311911523
-1480	36.3395606038
-1479	36.3392616948
-1478	36.3491256912
-1477	36.3574951427
-1476	36.3722911373
-1475	36.3965027649
-1474	36.3951576745
-1473	36.3965027649
-1472	36.4154834853
-1471	36.4217605739
-1470	36.4413391122
-1469	36.4407412943
-1468	36.4368554775
-1467	36.4495591093
-1466	36.4562845614
-1465	36.4767598266
-1464	36.4917052757
-1463	36.5017187266
-1462	36.5224929009
-1461	36.5220445374
-1460	36.5111343596
-1459	36.503661635
-1458	36.5186070841
-1457	36.5253325362
-1456	36.5187565386
-1455	36.5305634434
-1454	36.5594081602
-1453	36.5661336123
-1452	36.5753997908
-1451	36.5695710656
-1450	36.5719623375
-1449	36.5730085189
-1448	36.5701688836
-1447	36.5619488866
-1446	36.5603048872
-1445	36.5490958003
-1444	36.5555223434
-1443	36.5525332536
-1442	36.5562696159
-1441	36.5595576147
-1440	36.5751008818
-1439	36.5837692423
-1438	36.5652368854
-1437	36.5707667015
-1436	36.5528321626
-1435	36.5807801524
-1434	36.5813779704
-1433	36.5719623375
-1432	36.5910925123
-1431	36.5831714243
-1430	36.5912419668
-1429	36.596771783
-1428	36.5795845165
-1427	36.5904946944
-1426	36.5928859662
-1425	36.5819757884
-1424	36.5807801524
-1423	36.5640412494
-1422	36.5727096099
-1421	36.5603048872
-1420	36.5441638021
-1419	36.5247347183
-1418	36.5126289045
-1417	36.5123299955
-1416	36.5103870871
-1415	36.5081452698
-1414	36.5068001793
-1413	36.4845314602
-1412	36.4637572859
-1411	36.4649529218
-1410	36.4598714691
-1409	36.4677925572
-1408	36.4664474667
-1407	36.4633089224
-1406	36.4671947392
-1405	36.4407412943
-1404	36.4299805709
-1403	36.4147362128
-1402	36.3945598565
-1401	36.3675085936
-1400	36.3557016888
-1399	36.3246151547
-1398	36.3150500673
-1397	36.3023464355
-1396	36.2927813481
-1395	36.2721566283
-1394	36.2558660888
-1393	36.251980272
-1392	36.2271708265
-1391	36.2028097444
-1390	36.1869675684
-1389	36.1780002989
-1388	36.1675384845
-1387	36.16738903
-1386	36.1599163055
-1385	36.1455686743
-1384	36.1234494097
-1383	36.1295770438
-1382	36.1062621432
-1381	36.0726348827
-1380	36.0656105216
-1379	36.0458825288
-1378	36.0243610821
-1377	36.0053803617
-1376	35.990883276
-1375	35.9850545509
-1374	35.9805709162
-1373	35.9615901958
-1372	35.9654760126
-1371	35.9421611119
-1370	35.9340905694
-1369	35.9240771185
-1368	35.9142131221
-1367	35.8834254969
-1366	35.8805858616
-1365	35.8765505903
-1364	35.856972052
-1363	35.8521895083
-1362	35.8221491556
-1361	35.8176655208
-1360	35.8221491556
-1359	35.8021222538
-1358	35.8009266178
-1357	35.8034673442
-1356	35.7959946196
-1355	35.789119713
-1354	35.79001644
-1353	35.7930055298
-1352	35.8027200717
-1351	35.8092960693
-1350	35.8092960693
-1349	35.8006277089
-1348	35.797937528
-1347	35.8106411598
-1346	35.8086982514
-1345	35.8278284262
-1344	35.8236437005
-1343	35.8142280676
-1342	35.8187117023
-1341	35.806157525
-1340	35.8145269765
-1339	35.8236437005
-1338	35.8347033328
-1337	35.8270811538
-1336	35.8260349724
-1335	35.8270811538
-1334	35.8290240622
-1333	35.8288746077
-1332	35.8444178748
-1331	35.8478553281
-1330	35.8553280526
-1329	35.8524884173
-1328	35.8758033179
-1327	35.8876102227
-1326	35.8980720371
-1325	35.9015094904
-1324	35.9086833059
-1323	35.8952324017
-1322	35.908384397
-1321	35.9043491257
-1320	35.90748767
-1319	35.9204902107
-1318	35.9429083844
-1317	35.9556120161
-1316	35.9636825587
-1315	35.9750411
-1314	35.983261097
-1313	35.9905843671
-1312	36.0055298162
-1311	36.0322821701
-1310	36.0272007174
-1309	36.042295621
-1308	36.0720370647
-1307	36.0947541474
-1306	36.1114930504
-1305	36.1255417725
-1304	36.1383948588
-1303	36.1533403079
-1302	36.1558810342
-1301	36.1641010312
-1300	36.1887610223
-1299	36.2026602899
-1298	36.2158122852
-1297	36.2256762816
-1296	36.2421162756
-1295	36.234643551
-1294	36.2452548199
-1293	36.2425646391
-1292	36.2555671798
-1291	36.2645344493
-1290	36.2884471678
-1289	36.3026453445
-1288	36.3204304289
-1287	36.3328351517
-1286	36.3462860559
-1285	36.3531609625
-1284	36.3557016888
-1283	36.3604842326
-1282	36.3826034972
-1281	36.3740845912
-1280	36.3718427739
-1279	36.3471827828
-1278	36.3522642355
-1277	36.3679569571
-1276	36.3791660439
-1275	36.3817067703
-1274	36.3748318637
-1273	36.3814078613
-1272	36.3636227769
-1271	36.3696009565
-1270	36.3835002242
-1269	36.3911224032
-1268	36.4096547601
-1267	36.4092063967
-1266	36.411747123
-1265	36.3897773128
-1264	36.3857420415
-1263	36.3836496787
-1262	36.395606038
-1261	36.3891794948
-1260	36.3793154984
-1259	36.3570467793
-1258	36.3437453295
-1257	36.3459871469
-1256	36.3498729637
-1255	36.3295471529
-1254	36.3214766104
-1253	36.3134060679
-1252	36.3001046181
-1251	36.2911373487
-1250	36.302196981
-1249	36.2974144373
-1248	36.3033926169
-1247	36.2944253475
-1246	36.2823195337
-1245	36.2672246301
-1244	36.2657300852
-1243	36.2533253624
-1242	36.2449559109
-1241	36.2374831864
-1240	36.2295620983
-1239	36.2177551935
-1238	36.201763563
-1237	36.202361381
-1236	36.1954864744
-1235	36.1791959348
-1234	36.1627559408
-1233	36.143625766
-1232	36.1324166791
-1231	36.1116425049
-1230	36.1076072336
-1229	36.0965476013
-1228	36.0935585114
-1227	36.0832461515
-1226	36.0602301599
-1225	36.0472276192
-1224	36.0393065312
-1223	36.0212225377
-1222	36.0133014497
-1221	36.0044836347
-1220	35.9971603647
-1219	35.9947690928
-1218	35.9925272754
-1217	35.9805709162
-1216	35.9641309221
-1215	35.9391720221
-1214	35.9267672994
-1213	35.9092811239
-1212	35.9112240323
-1211	35.9125691227
-1210	35.9076371245
-1209	35.8811836796
-1208	35.8623524137
-1207	35.8445673292
-1206	35.8542818712
-1205	35.8350022418
-1204	35.81497534
-1203	35.8131818861
-1202	35.807054252
-1201	35.7973397101
-1200	35.7852338963
-1199	35.7876251681
-1198	35.7750709909
-1197	35.7704379017
-1196	35.7610222687
-1195	35.7415931849
-1194	35.747123001
-1193	35.7457779106
-1192	35.7632640861
-1191	35.7659542669
-1190	35.7577342699
-1189	35.7451800927
-1188	35.7426393663
-1187	35.7545957256
-1186	35.7701389927
-1185	35.7823942609
-1184	35.7716335376
-1183	35.7716335376
-1182	35.7749215364
-1181	35.7804513526
-1180	35.8025706172
-1179	35.8172171574
-1178	35.8098938873
-1177	35.8095949783
-1176	35.8086982514
-1175	35.7912120759
-1174	35.806755343
-1173	35.8116873412
-1172	35.814377522
-1171	35.8015244358
-1170	35.8190106113
-1169	35.8273800628
-1168	35.8321626065
-1167	35.8327604245
-1166	35.8341055149
-1165	35.8444178748
-1164	35.8424749664
-1163	35.8370946047
-1162	35.8397847855
-1161	35.8557764161
-1160	35.8683305933
-1159	35.8805858616
-1158	35.8982214916
-1157	35.9024062173
-1156	35.9183978479
-1155	35.9243760275
-1154	35.9352862054
-1153	35.941563294
-1152	35.9530712898
-1151	35.9597967419
-1150	35.9696607383
-1149	35.9831116425
-1148	35.9919294575
-1147	35.9904349126
-1146	35.9938723659
-1145	36.0056792707
-1144	36.0110596323
-1143	36.0361679868
-1142	36.0497683455
-1141	36.0455836198
-1140	36.0539530713
-1139	36.0582872515
-1138	36.0645643402
-1137	36.0787625168
-1136	36.1047675983
-1135	36.1283814079
-1134	36.1422806755
-1133	36.1623075773
-1132	36.1718726648
-1131	36.192646839
-1130	36.1918995666
-1129	36.2063966522
-1128	36.210282469
-1127	36.243461366
-1126	36.2669257211
-1125	36.2815722612
-1124	36.2832162606
-1123	36.2966671648
-1122	36.3010013451
-1121	36.2944253475
-1120	36.3075773427
-1119	36.2996562547
-1118	36.3066806158
-1117	36.3219249738
-1116	36.3193842475
-1115	36.3377671499
-1114	36.3418024212
-1113	36.3386638768
-1112	36.3407562397
-1111	36.3516664176
-1110	36.3398595128
-1109	36.3525631445
-1108	36.3515169631
-1107	36.3453893289
-1106	36.3340307876
-1105	36.3413540577
-1104	36.3400089673
-1103	36.335973696
-1102	36.35241369
-1101	36.3418024212
-1100	36.3268569721
-1099	36.3154984307
-1098	36.3199820655
-1097	36.3011507996
-1096	36.2803766253
-1095	36.2885966223
-1094	36.2903900762
-1093	36.2938275295
-1092	36.2809744433
-1091	36.2761918996
-1090	36.2642355403
-1089	36.2652817217
-1088	36.2616948139
-1087	36.2678224481
-1086	36.2606486325
-1085	36.2622926319
-1084	36.2651322672
-1083	36.2515319085
-1082	36.2374831864
-1081	36.2268719175
-1080	36.2123748319
-1079	36.2063966522
-1078	36.1974293828
-1077	36.1930952025
-1076	36.1800926618
-1075	36.177103572
-1074	36.1857719324
-1073	36.1751606636
-1072	36.1558810342
-1071	36.1379464953
-1070	36.118069048
-1069	36.0993872366
-1068	36.1025257809
-1067	36.0905694216
-1066	36.0756239725
-1065	36.0654610671
-1064	36.0576894336
-1063	36.0382603497
-1062	36.0113585413
-1061	35.9905843671
-1060	35.9644298311
-1059	35.95740547
-1058	35.9269167538
-1057	35.9009116724
-1056	35.881632043
-1055	35.8719175011
-1054	35.8390375131
-1053	35.8051113436
-1052	35.8025706172
-1051	35.7877746226
-1050	35.7711851741
-1049	35.7664026304
-1048	35.7487670004
-1047	35.7167837394
-1046	35.7120011956
-1045	35.6924226573
-1044	35.6723957555
-1043	35.6517710357
-1042	35.6159019579
-1041	35.5985652369
-1040	35.6011059632
-1039	35.587655059
-1038	35.5782394261
-1037	35.5898968764
-1036	35.5613510686
-1035	35.5423703482
-1034	35.5114332686
-1033	35.4930503662
-1032	35.486623823
-1031	35.4673441937
-1030	35.4640561949
-1029	35.4494096548
-1028	35.4332685697
-1027	35.4299805709
-1026	35.4225078464
-1025	35.4275892991
-1024	35.4283365715
-1023	35.4423852937
-1022	35.4165296667
-1021	35.4057689434
-1020	35.395307129
-1019	35.3911224032
-1018	35.3991929457
-1017	35.394709311
-1016	35.3809594978
-1015	35.3645195038
-1014	35.3377671499
-1013	35.3241667912
-1012	35.3042893439
-1011	35.2805260798
-1010	35.2821700792
-1009	35.2738006277
-1008	35.2552682708
-1007	35.2718577193
-1006	35.2657300852
-1005	35.2654311762
-1004	35.2573606337
-1003	35.2733522642
-1002	35.2742489912
-1001	35.2721566283
-1000	35.2735017187
-999	35.2706620834
-998	35.2787326259
-997	35.2787326259
-996	35.2833657151
-995	35.2891944403
-994	35.3050366164
-993	35.3078762517
-992	35.293678075
-991	35.2981617098
-990	35.3023464355
-989	35.3249140637
-988	35.3418024212
-987	35.3500224182
-986	35.3428486026
-985	35.3534598715
-984	35.3734867733
-983	35.3905245853
-982	35.4095053056
-981	35.4310267524
-980	35.4480645643
-979	35.4471678374
-978	35.453444926
-977	35.471080556
-976	35.4969361829
-975	35.5178598117
-974	35.5477507099
-973	35.5404274398
-972	35.5562696159
-971	35.5698699746
-970	35.5828725153
-969	35.5979674189
-968	35.6040950531
-967	35.6115677776
-966	35.6241219549
-965	35.6190405022
-964	35.622328501
-963	35.6423554028
-962	35.647885219
-961	35.6749364818
-960	35.6989986549
-959	35.7015393813
-958	35.7193244657
-957	35.7297862801
-956	35.7330742789
-955	35.7534000897
-954	35.7590793603
-953	35.7613211777
-952	35.7490659094
-951	35.7608728142
-950	35.7629651771
-949	35.7602749963
-948	35.7602749963
-947	35.7468240921
-946	35.7505604543
-945	35.7412942759
-944	35.7445822747
-943	35.747720819
-942	35.7551935436
-941	35.7611717232
-940	35.7758182633
-939	35.7877746226
-938	35.7888208041
-937	35.7789568077
-936	35.7886713496
-935	35.7997309819
-934	35.8092960693
-933	35.806157525
-932	35.7973397101
-931	35.798535346
-930	35.7791062621
-929	35.7725302645
-928	35.7589299058
-927	35.7463757286
-926	35.7427888208
-925	35.7282917352
-924	35.731878643
-923	35.7270960992
-922	35.7176804663
-921	35.7016888357
-920	35.6942161112
-919	35.6746375729
-918	35.6531161261
-917	35.6315946794
-916	35.6163503213
-915	35.6011059632
-914	35.5813779704
-913	35.5579136153
-912	35.5316096249
-911	35.5189059931
-910	35.495740547
-909	35.4716783739
-908	35.4519503811
-907	35.4353609326
-906	35.4077118517
-905	35.3959049469
-904	35.3679569571
-903	35.3228217008
-902	35.2965177104
-901	35.2655806307
-900	35.2527275445
-899	35.23494246
-898	35.2074428337
-897	35.1806904797
-896	35.1567777612
-895	35.133911224
-894	35.1116425049
-893	35.0962486923
-892	35.0780152444
-891	35.0430428934
-890	35.0231654461
-889	35.0071738156
-888	34.9798236437
-887	34.9502316545
-886	34.9194440293
-885	34.899566582
-884	34.8725153191
-883	34.8486026005
-882	34.8015244358
-881	34.7877746226
-880	34.7737259005
-879	34.7430877298
-878	34.7154386489
-877	34.6922732028
-876	34.688985204
-875	34.6709012106
-874	34.6590943058
-873	34.6423554028
-872	34.6244208638
-871	34.6026005081
-870	34.5774921536
-869	34.5483485279
-868	34.5307128979
-867	34.4999252728
-866	34.4679420117
-865	34.4504558362
-864	34.4337169332
-863	34.4089074877
-862	34.3835002242
-861	34.3343296966
-860	34.3143027948
-859	34.2963682559
-858	34.2915857122
-857	34.2847108056
-856	34.2839635331
-855	34.2682708115
-854	34.269018084
-853	34.2524286355
-852	34.2474966373
-851	34.209684651
-850	34.193244657
-849	34.1799432073
-848	34.1596173965
-847	34.1584217606
-846	34.1654461217
-845	34.1560304887
-844	34.1540875803
-843	34.1519952175
-842	34.1370497683
-841	34.1493050366
-840	34.1670901211
-839	34.1875653863
-838	34.1936930205
-837	34.2044537438
-836	34.2072933792
-835	34.2043042893
-834	34.1872664774
-833	34.2062471977
-832	34.2110297414
-831	34.2214915558
-830	34.2364370049
-829	34.2618442684
-828	34.2685697205
-827	34.3026453445
-826	34.3143027948
-825	34.3199820655
-824	34.3446420565
-823	34.3643700493
-822	34.3846958601
-821	34.3999402182
-820	34.402630399
-819	34.4301300254
-818	34.454042744
-817	34.4648034673
-816	34.4863249141
-815	34.5078463608
-814	34.5345987147
-813	34.5727096099
-812	34.5830219698
-811	34.6075325064
-810	34.6327903153
-809	34.6667164848
-808	34.6873412046
-807	34.7111044687
-806	34.7580331789
-805	34.7744731729
-804	34.7889702586
-803	34.8055597071
-802	34.8260349724
-801	34.8598116873
-800	34.8722164101
-799	34.9009116724
-798	34.923927664
-797	34.9654760126
-796	34.991481094
-795	35.0156927216
-794	35.0355701689
-793	35.0555970707
-792	35.0663577941
-791	35.0978926917
-790	35.1192646839
-789	35.1304737707
-788	35.1614108504
-787	35.1877148408
-786	35.2119264684
-785	35.2192497385
-784	35.2332984606
-783	35.2455537289
-782	35.2606486325
-781	35.268420266
-780	35.286354805
-779	35.2784337169
-778	35.293678075
-777	35.3047377074
-776	35.310118069
-775	35.3246151547
-774	35.3117620685
-773	35.3153489762
-772	35.3166940667
-771	35.3123598864
-770	35.2965177104
-769	35.3071289792
-768	35.2971155283
-767	35.2865042595
-766	35.2799282618
-765	35.2657300852
-764	35.2567628157
-763	35.251681363
-762	35.2424151846
-761	35.2383799133
-760	35.2129726498
-759	35.1803915708
-758	35.1661933941
-757	35.1546853983
-756	35.117770139
-755	35.1056643252
-754	35.058735615
-753	35.0352712599
-752	35.0261545359
-751	35.0016439994
-750	34.966522194
-749	34.9257211179
-748	34.8895531311
-747	34.856673143
-746	34.8197578837
-745	34.7970408011
-744	34.7584815424
-743	34.7377073681
-742	34.6946644747
-741	34.6673143028
-740	34.6383201315
-739	34.6109699596
-738	34.5707667015
-737	34.5414736213
-736	34.5220445374
-735	34.4657001943
-734	34.4168285757
-733	34.3712449559
-732	34.3325362427
-731	34.2983111643
-730	34.2494395457
-729	34.2046031983
-728	34.1543864893
-727	34.1165745031
-726	34.0786130623
-725	34.0443879839
-724	33.9890898221
-723	33.9470931101
-722	33.9110745778
-721	33.8635480496
-720	33.8215513376
-719	33.7705873562
-718	33.7302346436
-717	33.6931699298
-716	33.6712001196
-715	33.6303990435
-714	33.5795845165
-713	33.5250336273
-712	33.4821401883
-711	33.4365565685
-710	33.3930653116
-709	33.3537587805
-708	33.3126587954
-707	33.2666268121
-706	33.2498879091
-705	33.2156628307
-704	33.1803915708
-703	33.1374981318
-702	33.1002839635
-701	33.0647137946
-700	33.0321327156
-699	33.0020923629
-698	32.9796741892
-697	32.9575549245
-696	32.9275145718
-695	32.8943356748
-694	32.8690778658
-693	32.8297713346
-692	32.7936033478
-691	32.7613211777
-690	32.7257510088
-689	32.705724107
-688	32.6949633836
-687	32.6697055747
-686	32.6689583022
-685	32.646390674
-684	32.6206845016
-683	32.6067852339
-682	32.5878045135
-681	32.5724107009
-680	32.5682259752
-679	32.5529816171
-678	32.5495441638
-677	32.5471528919
-676	32.5598565237
-675	32.5562696159
-674	32.5613510686
-673	32.5677776117
-672	32.554177253
-671	32.5701688836
-670	32.5679270662
-669	32.5650874309
-668	32.5477507099
-667	32.5431176207
-666	32.5517859812
-665	32.5701688836
-664	32.5728590644
-663	32.5574652518
-662	32.5854132417
-661	32.6028994171
-660	32.6020026902
-659	32.6287550441
-658	32.6347332237
-657	32.6531161261
-656	32.6770288447
-655	32.6952622926
-654	32.7016888357
-653	32.7206695561
-652	32.7420415483
-651	32.7366611867
-650	32.7424899118
-649	32.755940816
-648	32.7838888059
-647	32.8127335226
-646	32.8577193245
-645	32.8696756838
-644	32.8880585862
-643	32.9185473023
-642	32.9458974742
-641	32.9799730982
-640	33.0201763563
-639	33.0452847108
-638	33.0750261545
-637	33.0904199671
-636	33.117172321
-635	33.1361530414
-634	33.1769541175
-633	33.1814377522
-632	33.2253773726
-631	33.2561649978
-630	33.2885966223
-629	33.3122104319
-628	33.3462860559
-627	33.3661635032
-626	33.3897773128
-625	33.4118965775
-624	33.4184725751
-623	33.4401434763
-622	33.470482738
-621	33.5009714542
-620	33.5353459871
-619	33.5685248842
-618	33.5755492453
-617	33.6088775968
-616	33.6281572261
-615	33.6369750411
-614	33.6559557615
-613	33.6593932148
-612	33.6662681214
-611	33.6783739351
-610	33.6936182932
-609	33.6934688387
-608	33.7055746525
-607	33.6954117471
-606	33.69750411
-605	33.6806157525
-604	33.6822597519
-603	33.6590943058
-602	33.6571513974
-601	33.6486324914
-600	33.6404124944
-599	33.6374234046
-598	33.6066357794
-597	33.579733971
-596	33.5748019728
-595	33.570916156
-594	33.5480496189
-593	33.5283216261
-592	33.5035121805
-591	33.4752652817
-590	33.4624121955
-589	33.4269914811
-588	33.4024809446
-587	33.3740845912
-586	33.335973696
-585	33.3054849798
-584	33.2660289942
-583	33.2460020924
-582	33.2034075624
-581	33.1818861157
-580	33.1448214019
-579	33.1014795995
-578	33.0813032432
-577	33.0458825288
-576	33.0109101779
-575	32.9641309221
-574	32.9272156628
-573	32.8778956808
-572	32.8435211478
-571	32.7973397101
-570	32.7272455537
-569	32.6762815723
-568	32.6191899567
-567	32.5422208937
-566	32.4801972799
-565	32.4305783889
-564	32.3824540427
-563	32.3305933343
-562	32.2776864445
-561	32.2078911971
-560	32.1582723061
-559	32.0798086983
-558	32.0168883575
-557	31.9441040203
-556	31.8883574951
-555	31.839635331
-554	31.7850844418
-553	31.7311313705
-552	31.6774772082
-551	31.6369750411
-550	31.5676281572
-549	31.5196532656
-548	31.4582274697
-547	31.3960544014
-546	31.3462860559
-545	31.310118069
-544	31.252876999
-543	31.1965326558
-542	31.1451203109
-541	31.0966970557
-540	31.0452847108
-539	30.9881930952
-538	30.9331938425
-537	30.8802869526
-536	30.8287251532
-535	30.7768644448
-534	30.731579734
-533	30.6865939321
-532	30.6523688537
-531	30.5993125093
-530	30.5755492453
-529	30.5344492602
-528	30.5014198177
-527	30.4510536542
-526	30.411747123
-525	30.3976984008
-524	30.3712449559
-523	30.3310416978
-522	30.3041398894
-521	30.2727544463
-520	30.2334479151
-519	30.1977282917
-518	30.1700792109
-517	30.1439246749
-516	30.1230010462
-515	30.0926617845
-514	30.0865341504
-513	30.050216709
-512	30.0393065312
-511	30.0442385294
-510	30.0127036317
-509	30.0165894485
-508	30.0103123599
-507	29.9880436407
-506	29.9896876401
-505	29.9855029144
-504	29.9840083695
-503	29.9674189209
-502	29.9801225527
-501	29.9834105515
-500	30.0031385443
-499	29.9880436407
-498	29.9943207293
-497	30.0131519952
-496	30.0285458078
-495	30.0437901659
-494	30.0732327006
-493	30.0966970557
-492	30.0978926917
-491	30.1131370498
-490	30.1318188612
-489	30.1555821252
-488	30.1718726648
-487	30.2071439247
-486	30.2537737259
-485	30.268121357
-484	30.3187864295
-483	30.3488267822
-482	30.3610820505
-481	30.3745329547
-480	30.3979973098
-479	30.4129427589
-478	30.4322223883
-477	30.4801972799
-476	30.4781049171
-475	30.4997758183
-474	30.5223434464
-473	30.5414736213
-472	30.5656852488
-471	30.5891496039
-470	30.6076819608
-469	30.6428037663
-468	30.672246301
-467	30.6931699298
-466	30.7378568226
-465	30.7783589897
-464	30.8009266178
-463	30.840830967
-462	30.8795396802
-461	30.9089822149
-460	30.948886564
-459	30.975340009
-458	31.0026901808
-457	31.0212225377
-456	31.0393065312
-455	31.0529068899
-454	31.0750261545
-453	31.0910177851
-452	31.109849051
-451	31.1325661336
-450	31.1652966672
-449	31.1824839336
-448	31.2080406516
-447	31.243461366
-446	31.2660289942
-445	31.2893438948
-444	31.2992078912
-443	31.3143027948
-442	31.3385144224
-441	31.3347780601
-440	31.3471827828
-439	31.3431475116
-438	31.3389627858
-437	31.3462860559
-436	31.3350769691
-435	31.3244657002
-434	31.3211777014
-433	31.2968166193
-432	31.2742489912
-431	31.2476460918
-430	31.2460020924
-429	31.210282469
-428	31.1823344792
-427	31.1415334031
-426	31.118367957
-425	31.0816021521
-424	31.0642654312
-423	31.0221192647
-422	30.9820654611
-421	30.9482887461
-420	30.9194440293
-419	30.8843222239
-418	30.8391869676
-417	30.8004782544
-416	30.7557913615
-415	30.7109550142
-414	30.6543117621
-413	30.5837692423
-412	30.5263787177
-411	30.4453743835
-410	30.3881333134
-409	30.3410551487
-408	30.2927813481
-407	30.2341951876
-406	30.1865192049
-405	30.1246450456
-404	30.0390076222
-403	29.9811687341
-402	29.9109251233
-401	29.8527873263
-400	29.7755193544
-399	29.705425198
-398	29.6544612166
-397	29.5843670602
-396	29.4964878195
-395	29.4178747571
-394	29.3613809595
-393	29.2779853535
-392	29.1842773875
-391	29.1034225078
-390	29.0195785383
-389	28.9290091167
-388	28.8477058736
-387	28.7445822747
-386	28.6701539381
-385	28.5940816022
-384	28.5103870871
-383	28.4331191152
-382	28.3601853236
-381	28.2711104469
-380	28.2032581079
-379	28.109849051
-378	28.0292930803
-377	27.9518756539
-376	27.8557764161
-375	27.7659542669
-374	27.6755342998
-373	27.5985652369
-372	27.5202510835
-371	27.4396951128
-370	27.3531609625
-369	27.2723060828
-368	27.2013151995
-367	27.1361530414
-366	27.0653116126
-365	26.9950680018
-364	26.9325960245
-363	26.8726647736
-362	26.8113884322
-361	26.755641907
-360	26.7007921088
-359	26.6513226722
-358	26.5990136004
-357	26.5363921686
-356	26.5000747272
-355	26.4470183829
-354	26.3997907637
-353	26.3636227769
-352	26.3343296966
-351	26.2663279032
-350	26.2304588253
-349	26.1881632043
-348	26.1443730384
-347	26.0938574204
-346	26.058137797
-345	26.017037812
-344	25.9760872814
-343	25.9441040203
-342	25.93244657
-341	25.9047974892
-340	25.8814825886
-339	25.8747571365
-338	25.866088776
-337	25.8472575101
-336	25.8233447915
-335	25.814676431
-334	25.8007771634
-333	25.7959946196
-332	25.7928560753
-331	25.7998804364
-330	25.7936033478
-329	25.7939022568
-328	25.7939022568
-327	25.7947989837
-326	25.7950978927
-325	25.7841877148
-324	25.798535346
-323	25.8097444328
-322	25.8242415185
-321	25.8294724256
-320	25.841129876
-319	25.8675833209
-318	25.9010611269
-317	25.9296069347
-316	25.9593483784
-315	25.991481094
-314	26.025855627
-313	26.0518607084
-312	26.0787625168
-311	26.1189657749
-310	26.1639515767
-309	26.1959348378
-308	26.2334479151
-307	26.2688686295
-306	26.3087729786
-305	26.3314900613
-304	26.3770736811
-303	26.4210133014
-302	26.4633089224
-301	26.5035121805
-300	26.5395307129
-299	26.5777910626
-298	26.6262143177
-297	26.6824092064
-296	26.714243013
-295	26.756837543
-294	26.7937528023
-293	26.8445673292
-292	26.8820804065
-291	26.9095800329
-290	26.9355851143
-289	26.9692123748
-288	26.9892392766
-287	27.0295919892
-286	27.0500672545
-285	27.0816021521
-284	27.1077566881
-283	27.1392915857
-282	27.1681363025
-281	27.1881632043
-280	27.2144671947
-279	27.2249290091
-278	27.2545209984
-277	27.268420266
-276	27.2850097145
-275	27.3050366164
-274	27.3326856972
-273	27.3497235092
-272	27.3808100433
-271	27.3966522194
-270	27.4066656703
-269	27.4099536691
-268	27.4235540278
-267	27.4257958452
-266	27.4219100284
-265	27.4187714841
-264	27.4240023913
-263	27.4213122104
-262	27.4150351218
-261	27.4077118517
-260	27.3815573158
-259	27.3586907787
-258	27.3341802421
-257	27.3135555223
-256	27.301898072
-255	27.2745479002
-254	27.244358093
-253	27.2090868331
-252	27.159467942
-251	27.1119414138
-250	27.0827977881
-249	27.0399043491
-248	27.0098639964
-247	26.9689134658
-246	26.9254222089
-245	26.8716185921
-244	26.8128829771
-243	26.7508593633
-242	26.6853982962
-241	26.6245703183
-240	26.5546256165
-239	26.4927514572
-238	26.4104020326
-237	26.3329846062
-236	26.260798087
-235	26.1839784786
-234	26.0938574204
-233	26.0037363623
-232	25.9254222089
-231	25.8214018831
-230	25.7393513675
-229	25.6456434016
-228	25.5479001644
-227	25.445822747
-226	25.344193693
-225	25.2421162756
-224	25.1425795845
-223	25.0529068899
-222	24.9482887461
-221	24.8494993275
-220	24.7463757286
-219	24.6505753998
-218	24.5559707069
-217	24.4567329248
-216	24.3558511433
-215	24.2613959049
-214	24.1557315797
-213	24.0573905246
-212	23.9542669257
-211	23.8526378718
-210	23.7436855478
-209	23.6434015842
-208	23.5426692572
-207	23.4317740248
-206	23.3316395158
-205	23.2321028247
-204	23.13510686
-203	23.0552981617
-202	22.9466447467
-201	22.8376924227
-200	22.74009864
-199	22.6251681363
-198	22.5265281722
-197	22.4319234793
-196	22.3249140637
-195	22.226722463
-194	22.1415334031
-193	22.050814527
-192	21.9542669257
-191	21.8568225975
-190	21.7550440891
-189	21.6596921237
-188	21.5582125243
-187	21.4739201913
-186	21.386788223
-185	21.3071289792
-184	21.227320281
-183	21.1409355851
-182	21.0532057988
-181	20.9819160066
-180	20.908085488
-179	20.8503960544
-178	20.7832909879
-177	20.7030339262
-176	20.6330892243
-175	20.546256165
-174	20.4700343745
-173	20.394709311
-172	20.3098191601
-171	20.2512329996
-170	20.1854730235
-169	20.1218054103
-168	20.0648632491
-167	20.0035869078
-166	19.9481392916
-165	19.8952324017
-164	19.8358989688
-163	19.7883724406
-162	19.7531011807
-161	19.7131968316
-160	19.6803168435
-159	19.6431026752
-158	19.6058885069
-157	19.5655357944
-156	19.5317590794
-155	19.5135256314
-154	19.4851292781
-153	19.4798983709
-152	19.4547900164
-151	19.420266029
-150	19.3988940368
-149	19.37737259
-148	19.3583918697
-147	19.3513675086
-146	19.3350769691
-145	19.3196831565
-144	19.3202809744
-143	19.3144522493
-142	19.3035420714
-141	19.293678075
-140	19.2935286205
-139	19.2888955313
-138	19.2968166193
-137	19.3165446122
-136	19.3276042445
-135	19.3385144224
-134	19.3540576894
-133	19.3640711403
-132	19.3772231356
-131	19.3854431326
-130	19.3968016739
-129	19.4229562098
-128	19.4510536542
-127	19.4831863698
-126	19.5108354506
-125	19.5368405321
-124	19.5673292482
-123	19.6008070543
-122	19.6283066806
-121	19.6531161261
-120	19.6928710208
-119	19.7487670004
-118	19.7852338963
-117	19.8429233298
-116	19.8876102227
-115	19.9475414736
-114	20.0031385443
-113	20.0765206994
-112	20.1306232252
-111	20.1629053953
-110	20.2543715439
-109	20.3586907787
-108	20.3736362278
-107	20.3908234942
-106	20.4516514721
-105	20.479300553
-104	20.511881632
-103	20.5722612465
-102	20.6425048573
-101	20.7517560903
-100	20.8327604245
-99	20.9423105664
-98	21.025556718
-97	21.1105963234
-96	21.2052010163
-95	21.3132566134
-94	21.4171274847
-93	21.5160663578
-92	21.637871768
-91	21.7333731879
-90	21.832013152
-89	21.9348378419
-88	22.0408010761
-87	22.1670901211
-86	22.2859064415
-85	22.4005380362
-84	22.5305634434
-83	22.6709012106
-82	22.7795546256
-81	22.924226573
-80	23.0493199821
-79	23.1790464803
-78	23.3080257062
-77	23.4565834703
-76	23.6030488716
-75	23.7605739052
-74	23.9155582125
-73	24.0633687042
-72	24.2167090121
-71	24.3814078613
-70	24.5357943506
-69	24.7046779256
-68	24.8753549544
-67	25.0424450755
-66	25.2451053654
-65	25.4280376625
-64	25.5870572411
-63	25.7638619041
-62	25.9554625616
-61	26.1494544911
-60	26.3501718727
-59	26.5649379764
-58	26.7601255418
-57	26.958003288
-56	27.1881632043
-55	27.3962038559
-54	27.6075325064
-53	27.8296218801
-52	28.0354207144
-51	28.2467493648
-50	28.4662980123
-49	28.6907786579
-48	28.9337916604
-47	29.1744133911
-46	29.3920191302
-45	29.6345837692
-44	29.8867134957
-43	30.1152294126
-42	30.3582424152
-41	30.6024510537
-40	30.8081004334
-39	31.033477806
-38	31.2757435361
-37	31.4645045584
-36	31.6617844866
-35	31.9553131072
-34	32.2394260948
-33	32.4731729188
-32	32.7566880885
-31	33.0289941713
-30	33.2652817217
-29	33.5051561799
-28	33.7151397399
-27	33.9463458377
-26	34.1524435809
-25	34.3666118667
-24	34.5934837842
-23	34.8160215214
-22	35.0071738156
-21	35.2213421013
-20	35.4118965775
-19	35.5671797938
-18	35.7539979076
-17	35.9258705724
-16	36.0926617845
-15	36.2809744433
-14	36.4529965625
-13	36.6061874159
-12	36.7864295322
-11	36.9484382006
-10	37.0659094306
-9	37.2249290091
-8	37.3562995068
-7	37.4609176506
-6	37.587953968
-5	37.7185771932
-4	37.8191600658
-3	37.9424600209
-2	38.0384098042
-1	38.109251233
0	38.1880137498
1	38.25990136
2	38.3004035271
3	38.3582424152
4	38.4225078464
5	38.4680914661
6	38.5201016291
7	38.5429681662
8	38.5613510686
9	38.5785383351
10	38.5818263339
11	38.5597070692
12	38.5511881632
13	38.5192049021
14	38.4718278284
15	38.4338663877
16	38.3959049469
17	38.3196831565
18	38.2885966223
19	38.2199970109
20	38.1694813929
21	38.1243461366
22	38.0497683455
23	37.9654760126
24	37.8641458676
25	37.7731280825
26	37.6477357645
27	37.5470034375
28	37.4450754745
29	37.3086235241
30	37.1898072037
31	37.0602301599
32	36.898968764
33	36.7525033627
34	36.6099237782
35	36.5891496039
36	36.6622328501
37	36.4390972949
38	36.3716933194
39	36.4355103871
40	36.2300104618
41	36.0375130773
42	35.8665371394
43	35.7236586459
44	35.546853983
45	35.3582424152
46	35.2098341055
47	35.0473770737
48	34.8826782245
49	34.7580331789
50	34.572111792
51	34.4169780302
52	34.2844118966
53	34.1361530414
54	34.0128530862
55	33.9103273053
56	33.7788073532
57	33.6562546705
58	33.5405768943
59	33.3767747721
60	33.2588551786
61	33.1566283067
62	33.0097145419
63	32.9062920341
64	32.8025706172
65	32.6750859363
66	32.5915408758
67	32.5195038111
68	32.4053205799
69	32.3062322523
70	32.2092362876
71	32.0824988791
72	32.0007472725
73	31.9551636527
74	31.8650425945
75	31.8225975191
76	31.7882229861
77	31.6961590196
78	31.6511732178
79	31.6348826782
80	31.5697205201
81	31.5340008967
82	31.5266776267
83	31.4788521895
84	31.4902107308
85	31.4920041847
86	31.4801972799
87	31.4914063668
88	31.545957256
89	31.5359438051
90	31.571215065
91	31.5918397848
92	31.5890001495
93	31.6232252279
94	31.6822597519
95	31.6957106561
96	31.7713346286
97	31.865192049
98	31.882827679
99	31.9678672844
100	32.0533552533
101	32.0983410551
102	32.1836795696
103	32.310715887
104	32.3926169481
105	32.5471528919
106	32.7215662831
107	32.8306680616
108	32.8641458676
109	32.8136302496
110	32.9858018233
111	33.0485727096
112	32.9974592737
113	33.159766851
114	33.3412046032
115	33.5076969063
116	33.6293528621
117	33.8127335226
118	34.0203258108
119	34.1490061276
120	34.3355253325
121	34.5293678075
122	34.6350321327
123	34.8414287849
124	35.0549992527
125	35.1787475714
126	35.3766253176
127	35.5922881483
128	35.7120011956
129	35.9013600359
130	36.1025257809
131	36.2196981019
132	36.429382753
133	36.639067404
134	36.748617546
135	36.9603945599
136	37.159766851
137	37.293976984
138	37.5087430877
139	37.6845015693
140	37.8033178897
141	38.0206247198
142	38.2180541025
143	38.3449409655
144	38.5537288896
145	38.7475713645
146	38.857868779
147	39.0481243461
148	39.2165595576
149	39.3135555223
150	39.5020176356
151	39.6540128531
152	39.7350171873
153	39.9152593035
154	40.0665072485
155	40.1469137648
156	40.3238678822
157	40.4411896577
158	40.5198027201
159	40.6562546705
160	40.7741742639
161	40.8170677029
162	40.9402182036
163	41.0345239874
164	41.0526079809
165	41.1578239426
166	41.2171573756
167	41.2195486474
168	41.3150500673
169	41.3610820505
170	41.3425496936
171	41.4045733074
172	41.4257958452
173	41.39500822
174	41.429382753
175	41.4232551188
176	41.3549544164
177	41.3422507846
178	41.3050366164
179	41.1978777462
180	41.1842773875
181	41.13510686
182	41.0089672695
183	40.9774323718
184	40.898669855
185	40.7767149903
186	40.7160364669
187	40.6317441339
188	40.5189059931
189	40.4377522045
190	40.3373187864
191	40.1669406666
192	40.076371245
193	39.9647287401
194	39.7864295322
195	39.67986848
196	39.5407263488
197	39.3282020625
198	39.2153639217
199	39.0563443431
200	38.8357495143
201	38.7109550142
202	38.5561201614
203	38.3531609625
204	38.2214915558
205	38.0597817964
206	37.83993424
207	37.697205201
208	37.5186070841
209	37.2962188014
210	37.1442235839
211	36.9571065611
212	36.755940816
213	36.6005081453
214	36.4075623973
215	36.2001195636
216	36.0621730683
217	35.8829771335
218	35.6605888507
219	35.5132267225
220	35.3604842326
221	35.133911224
222	34.9983560006
223	34.831116425
224	34.6254670453
225	34.4854281871
226	34.3154984307
227	34.1192646839
228	33.9937229114
229	33.8360484233
230	33.6508743088
231	33.5357943506
232	33.3960544014
233	33.2307577343
234	33.1307726797
235	33.0068749066
236	32.8393364221
237	32.7592288148
238	32.6649230309
239	32.5177103572
240	32.4477656554
241	32.3473322373
242	32.2114781049
243	32.1709759378
244	32.0978926917
245	31.9944701838
246	31.9696607383
247	31.9355851143
248	31.8625018682
249	31.856972052
250	31.8453146017
251	31.7671499029
252	31.7782095352
253	31.756538634
254	31.7124495591
255	31.7616200867
256	31.7807502615
257	31.7526528172
258	31.8003287999
259	31.848453146
260	31.8291735167
261	31.8903004035
262	31.9559109251
263	31.9466447467
264	32.0385592587
265	32.1062621432
266	32.1053654162
267	32.1907039307
268	32.2806755343
269	32.30249589
270	32.4313256613
271	32.5238379913
272	32.5857121507
273	32.7320280974
274	32.8257360634
275	32.88252877
276	33.0274996264
277	33.1485577642
278	33.2155133762
279	33.3743835002
280	33.521596174
281	33.6073830519
282	33.7828426244
283	33.9523240173
284	34.0270512629
285	34.2016141085
286	34.3583918697
287	34.4764609177
288	34.6526677627
289	34.8107906143
290	34.9281123898
291	35.1282319534
292	35.2998057092
293	35.4021820356
294	35.6018532357
295	35.7880735316
296	35.9041996712
297	36.1231505007
298	36.3068300702
299	36.4248991182
300	36.6124645046
301	36.7859811687
302	36.907188761
303	37.108952324
304	37.2561649978
305	37.3757285906
306	37.5668808848
307	37.7327753699
308	37.8436706023
309	38.0391570767
310	38.2022119265
311	38.2893438948
312	38.4682409206
313	38.6256164998
314	38.7261993723
315	38.898669855
316	39.0385592587
317	39.1237483186
318	39.2908384397
319	39.4069645793
320	39.4538932895
321	39.5816768794
322	39.6946644747
323	39.7516066358
324	39.8973247646
325	39.9983560006
326	40.0653116126
327	40.168285757
328	40.244358093
329	40.260499178
330	40.3595875056
331	40.4172769392
332	40.4211627559
333	40.5081452698
334	40.5510387087
335	40.5319085339
336	40.5966223285
337	40.6096248692
338	40.5825736063
339	40.638768495
340	40.6647735764
341	40.6085786878
342	40.6395157674
343	40.5999103273
344	40.5372888955
345	40.538633986
346	40.4972350919
347	40.4319234793
348	40.4192198476
349	40.3551038709
350	40.2558660888
351	40.2282170079
352	40.168883575
353	40.0515617994
354	40.0016439994
355	39.9065909431
356	39.7599760873
357	39.7140935585
358	39.6106710507
359	39.4674936482
360	39.3679569571
361	39.2403228217
362	39.0875803318
363	38.9985054551
364	38.8571215065
365	38.6882379315
366	38.5824241518
367	38.437004932
368	38.261096996
369	38.1540875803
370	37.9952174563
371	37.8181138843
372	37.6992975639
373	37.5537288896
374	37.3652667763
375	37.2253773726
376	37.0636676132
377	36.8943356748
378	36.7623673591
379	36.6017037812
380	36.3999402182
381	36.2590046331
382	36.0969959647
383	35.9260200269
384	35.8264833358
385	35.663129577
386	35.4763114632
387	35.3631744134
388	35.209684651
389	35.0180839934
390	34.907188761
391	34.7640113585
392	34.5940816022
393	34.4943954566
394	34.3722911373
395	34.1998206546
396	34.093110148
397	33.958302197
398	33.8028695262
399	33.7090121058
400	33.6078314153
401	33.4601703781
402	33.3846958601
403	33.2923329846
404	33.158870124
405	33.0926617845
406	33.0294425347
407	32.9085338514
408	32.8592138694
409	32.8088477059
410	32.7087131968
411	32.6744881184
412	32.6338364968
413	32.5565685249
414	32.5601554327
415	32.5347481692
416	32.4851292781
417	32.5065012704
418	32.5186070841
419	32.4664474667
420	32.5035121805
421	32.5232401734
422	32.486922732
423	32.5299656255
424	32.5719623375
425	32.5477507099
426	32.6075325064
427	32.6596921237
428	32.6703033926
429	32.7523539082
430	32.8095949783
431	32.8264833358
432	32.9430578389
433	33.0280974443
434	33.0735316096
435	33.1875653863
436	33.2874009864
437	33.335375878
438	33.4618143775
439	33.5646390674
440	33.6344343148
441	33.748019728
442	33.8669855029
443	33.9349872964
444	34.0621730683
445	34.1965326558
446	34.2729039008
447	34.4217605739
448	34.5728590644
449	34.6709012106
450	34.8230458825
451	34.9775818263
452	35.0651621581
453	35.2249290091
454	35.3979973098
455	35.4891645494
456	35.6417575848
457	35.7832909879
458	35.9027051263
459	36.0663577941
460	36.2114781049
461	36.3328351517
462	36.5060529069
463	36.6688088477
464	36.7782095352
465	36.9435062024
466	37.0872814228
467	37.1887610223
468	37.3567478703
469	37.5232401734
470	37.622328501
471	37.7946495292
472	37.940666567
473	38.0267523539
474	38.1930952025
475	38.3380660589
476	38.4075623973
477	38.563592886
478	38.7042295621
479	38.7717829921
480	38.9133163952
481	39.0473770737
482	39.1076072336
483	39.2524286355
484	39.3594380511
485	39.4017336721
486	39.5241369003
487	39.6082797788
488	39.6541623076
489	39.7674488118
490	39.8354506053
491	39.8356000598
492	39.9458974742
493	40.0059781796
494	40.0273501719
495	40.1194141384
496	40.1971304738
497	40.1800926618
498	40.2324017337
499	40.2757435361
500	40.2594529966
501	40.3129577044
502	40.3262591541
503	40.2981617098
504	40.3165446122
505	40.3135555223
506	40.2642355403
507	40.2738006277
508	40.2642355403
509	40.193543566
510	40.1848752055
511	40.150650127
512	40.0792108803
513	40.0656105216
514	40.0266028994
515	39.9306531161
516	39.899865491
517	39.8560753251
518	39.7598266328
519	39.7341204603
520	39.6834553878
521	39.5661336123
522	39.5157674488
523	39.436407114
524	39.2966671648
525	39.2262740995
526	39.1407861306
527	38.9979076371
528	38.9309520251
529	38.8212524286
530	38.6698550291
531	38.5869077866
532	38.4857270961
533	38.3279031535
534	38.2368853684
535	38.1298759528
536	37.9726498281
537	37.8665371394
538	37.7529517262
539	37.6127634135
540	37.5239874458
541	37.4081602152
542	37.2325511882
543	37.1333134061
544	37.0040352713
545	36.8291735167
546	36.7330742789
547	36.6060379614
548	36.4525481991
549	36.386190405
550	36.2669257211
551	36.1182185025
552	36.0228665371
553	35.9170527574
554	35.7508593633
555	35.6614855776
556	35.5372888955
557	35.3791660439
558	35.2954715289
559	35.193543566
560	35.0615752503
561	34.9804214617
562	34.8911971305
563	34.7423404573
564	34.6822597519
565	34.5866088776
566	34.4665969212
567	34.4051711254
568	34.32745479
569	34.1977282917
570	34.1658944851
571	34.1241966821
572	34.0179345389
573	33.9932745479
574	33.9502316545
575	33.8500971454
576	33.8426244209
577	33.8324615155
578	33.748617546
579	33.7444328202
580	33.7354655507
581	33.655208489
582	33.6570019429
583	33.6577492154
584	33.6058885069
585	33.6269615902
586	33.6365266776
587	33.6069346884
588	33.6477357645
589	33.6703033926
590	33.637871768
591	33.6776266627
592	33.7073681064
593	33.6909281124
594	33.7520549993
595	33.8036167987
596	33.824092064
597	33.9281123898
598	34.0014945449
599	34.0277985353
600	34.1238977731
601	34.2025108355
602	34.2476460918
603	34.3597369601
604	34.4470183829
605	34.4731729188
606	34.5975190554
607	34.6770288447
608	34.7441339112
609	34.8728142281
610	34.9840083695
611	35.0418472575
612	35.1693319384
613	35.2835151696
614	35.3498729637
615	35.486922732
616	35.604692871
617	35.6797190256
618	35.8281273352
619	35.941862203
620	36.0321327156
621	36.1799432073
622	36.2908384397
623	36.3639216858
624	36.5150201764
625	36.6565535794
626	36.7353160962
627	36.8768494993
628	37.016738903
629	37.1096995965
630	37.2652817217
631	37.404124944
632	37.4649529218
633	37.6061874159
634	37.7435360933
635	37.8145269765
636	37.9581527425
637	38.0811537887
638	38.1497534001
639	38.2875504409
640	38.4005380362
641	38.4798983709
642	38.6167986848
643	38.714541922
644	38.7487670004
645	38.8583171424
646	38.9493349275
647	38.991182185
648	39.1312210432
649	39.2220893738
650	39.2483933642
651	39.3513675086
652	39.4359587506
653	39.4574801973
654	39.5686743387
655	39.6402630399
656	39.6596921237
657	39.7448811837
658	39.8030189807
659	39.8133313406
660	39.882229861
661	39.9233298461
662	39.9073382155
663	39.9541174712
664	39.9946196383
665	39.9666716485
666	40.0168883575
667	40.0400538036
668	40.0028396353
669	40.0182334479
670	40.0049319982
671	39.9811687341
672	39.9959647287
673	39.9887909132
674	39.9360334778
675	39.9445523838
676	39.9288596622
677	39.8489015095
678	39.8529367808
679	39.8258855179
680	39.7607233597
681	39.7435360933
682	39.7067702884
683	39.6283066806
684	39.6203855926
685	39.5603048872
686	39.4703332835
687	39.4386489314
688	39.3996413092
689	39.3007024361
690	39.2509340906
691	39.1753101181
692	39.0674039755
693	39.0025407263
694	38.9175011209
695	38.7942011657
696	38.7643102675
697	38.6583470333
698	38.5290688985
699	38.478702735
700	38.4077118517
701	38.2812733523
702	38.2113286504
703	38.1227021372
704	37.975340009
705	37.9194440293
706	37.8360484233
707	37.6989986549
708	37.6341354058
709	37.5495441638
710	37.4162307577
711	37.3585413242
712	37.2709609924
713	37.1530413989
714	37.0774174264
715	36.9742938275
716	36.8503960544
717	36.8107906143
718	36.7357644597
719	36.5936332387
720	36.5345987147
721	36.4323718428
722	36.3035420714
723	36.2548199073
724	36.1763562995
725	36.0602301599
726	36.0182334479
727	35.9457480197
728	35.832312061
729	35.7871768047
730	35.7320280974
731	35.6344343148
732	35.6060379614
733	35.5549245255
734	35.4601703781
735	35.4377522045
736	35.4081602152
737	35.3160962487
738	35.3117620685
739	35.2573606337
740	35.1753101181
741	35.1663428486
742	35.1442235839
743	35.0775668809
744	35.0745777911
745	35.0541025258
746	34.9814676431
747	35.0047825437
748	35.0119563593
749	34.9624869227
750	35.0086683605
751	35.0113585413
752	34.9742938275
753	34.9971603647
754	34.9941712748
755	34.9565087431
756	35.0011956359
757	35.0192796294
758	35.0152443581
759	35.0579883425
760	35.0878792408
761	35.0681512479
762	35.1241966821
763	35.1809893887
764	35.1965326558
765	35.2809744433
766	35.3317889703
767	35.3488267822
768	35.4181736661
769	35.470482738
770	35.5053056344
771	35.5930354207
772	35.6625317591
773	35.688985204
774	35.7670004484
775	35.8460618742
776	35.890449858
777	36.0044836347
778	36.076371245
779	36.1273352264
780	36.2436108205
781	36.32013152
782	36.3534598715
783	36.4643551039
784	36.5402779854
785	36.5855626962
786	36.6858466597
787	36.7686444478
788	36.8302196981
789	36.9394709311
790	37.0303392617
791	37.0872814228
792	37.2153639217
793	37.3305933343
794	37.394410402
795	37.5085936332
796	37.5945299656
797	37.6392168585
798	37.7622179046
799	37.8327604245
800	37.8645942311
801	37.9846061874
802	38.0993872366
803	38.142131221
804	38.2350919145
805	38.3154984307
806	38.3513675086
807	38.44492602
808	38.5404274398
809	38.5731579734
810	38.6608877597
811	38.7130473771
812	38.7583320879
813	38.857868779
814	38.9197429383
815	38.9318487521
816	39.0147959946
817	39.0629203408
818	39.084591242
819	39.1684352115
820	39.2183530115
821	39.2170079211
822	39.2905395307
823	39.336272605
824	39.3397100583
825	39.3973994919
826	39.4564340158
827	39.4519503811
828	39.4972350919
829	39.5153190853
830	39.4857270961
831	39.5000747272
832	39.5184576297
833	39.4873710955
834	39.5123299955
835	39.5160663578
836	39.4695860111
837	39.4748169182
838	39.4686892841
839	39.4398445673
840	39.4513525631
841	39.470482738
842	39.4132416679
843	39.4104020326
844	39.3802122254
845	39.3149006128
846	39.3267075176
847	39.3089224331
848	39.2337468241
849	39.2285159169
850	39.1990733822
851	39.1367508594
852	39.1150799582
853	39.0624719773
854	38.9807203706
855	38.9789269168
856	38.9340905694
857	38.8554775071
858	38.8163204304
859	38.7631146316
860	38.6837542968
861	38.6547601255
862	38.6066357794
863	38.5068001793
864	38.4597220146
865	38.3987445823
866	38.2663279032
867	38.2392766403
868	38.1821850247
869	38.0844417875
870	38.0506650725
871	37.9762367359
872	37.9076371245
873	37.8714691376
874	37.8024211628
875	37.6818113884
876	37.6401135854
877	37.5976685099
878	37.51247945
879	37.4703332835
880	37.4254969362
881	37.3171424301
882	37.2835151696
883	37.2504857271
884	37.1672395755
885	37.1361530414
886	37.0969959647
887	37.0047825437
888	36.9805709162
889	36.9192945748
890	36.8145269765
891	36.7816469885
892	36.7245553729
893	36.6133612315
894	36.5913914213
895	36.5525332536
896	36.4788521895
897	36.4555372889
898	36.4204154835
899	36.3290987894
900	36.3120609774
901	36.2758929906
902	36.1992228366
903	36.2114781049
904	36.2092362876
905	36.143027948
906	36.1546853983
907	36.1521446719
908	36.0934090569
909	36.1140337767
910	36.1210581378
911	36.0895232402
912	36.1017785084
913	36.0984905096
914	36.0351218054
915	36.0512628904
916	36.076072336
917	36.0524585264
918	36.0774174264
919	36.0726348827
920	36.0461814378
921	36.0853385144
922	36.0986399641
923	36.0726348827
924	36.1334628606
925	36.1488566731
926	36.1434763115
927	36.2075922881
928	36.242863548
929	36.2436108205
930	36.294574802
931	36.3419518757
932	36.3443431475
933	36.3926169481
934	36.4519503811
935	36.4561351069
936	36.5177103572
937	36.5733074279
938	36.58003288
939	36.6507248543
940	36.6985502914
941	36.7052757435
942	36.781198625
943	36.839635331
944	36.840532058
945	36.890449858
946	36.9589000149
947	36.9841578239
948	37.0557465252
949	37.1110446869
950	37.1194141384
951	37.1892093857
952	37.2555671798
953	37.269316993
954	37.3727395008
955	37.4423852937
956	37.4423852937
957	37.5344492602
958	37.6005081453
959	37.6033477806
960	37.6821102974
961	37.7574353609
962	37.7843371693
963	37.8686295023
964	37.941563294
965	37.967120012
966	38.0747272456
967	38.1276341354
968	38.1261395905
969	38.176804663
970	38.2220893738
971	38.243760275
972	38.3180391571
973	38.3748318637
974	38.4047227619
975	38.4778060081
976	38.5280227171
977	38.5341503512
978	38.6182932297
979	38.681064116
980	38.6688088477
981	38.7353160962
982	38.7661037214
983	38.7622179046
984	38.7974891645
985	38.83261097
986	38.8255866089
987	38.8802869526
988	38.9182483934
989	38.8840233149
990	38.9164549395
991	38.9484382006
992	38.9363323868
993	38.9693618293
994	38.9986549096
995	38.9769840084
996	39.0188312659
997	39.0182334479
998	38.9899865491
999	39.0113585413
1000	39.0134509042
1001	38.9563592886
1002	38.9748916455
1003	38.9723509191
1004	38.932147661
1005	38.9461963832
1006	38.949185473
1007	38.8795396802
1008	38.8783440442
1009	38.8598116873
1010	38.8212524286
1011	38.8364967867
1012	38.8390375131
1013	38.7655059035
1014	38.7713346286
1015	38.7375579136
1016	38.6803168435
1017	38.6955612016
1018	38.6867433866
1019	38.6194888656
1020	38.6042445075
1021	38.5910925123
1022	38.5414736213
1023	38.5163652668
1024	38.46988492
1025	38.4012853086
1026	38.3836496787
1027	38.3177402481
1028	38.226124645
1029	38.2031086534
1030	38.1536392169
1031	38.0699447018
1032	38.0509639815
1033	38.0261545359
1034	37.9385742042
1035	37.9337916604
1036	37.9004633089
1037	37.8345538783
1038	37.8225975191
1039	37.7740248094
1040	37.688985204
1041	37.6759826633
1042	37.6484830369
1043	37.5830219698
1044	37.5348976237
1045	37.5051561799
1046	37.4419369302
1047	37.4135405769
1048	37.37737259
1049	37.2932297116
1050	37.2702137199
1051	37.2297115528
1052	37.1325661336
1053	37.1224032282
1054	37.0838439695
1055	37.0243610821
1056	37.0231654461
1057	37.0070243611
1058	36.9287102077
1059	36.9058436706
1060	36.899865491
1061	36.840532058
1062	36.8450156927
1063	36.8329098789
1064	36.7756688088
1065	36.7681960843
1066	36.7629651771
1067	36.7082648334
1068	36.7048273801
1069	36.6861455687
1070	36.6245703183
1071	36.6303990435
1072	36.6280077716
1073	36.5804812435
1074	36.5966223285
1075	36.5930354207
1076	36.5701688836
1077	36.5918397848
1078	36.6144074129
1079	36.5839186968
1080	36.6042445075
1081	36.6254670453
1082	36.5999103273
1083	36.6066357794
1084	36.6232252279
1085	36.6000597818
1086	36.64758631
1087	36.6659692124
1088	36.6459423106
1089	36.6700044836
1090	36.7036317441
1091	36.6762815723
1092	36.6984008369
1093	36.72246301
1094	36.6988492004
1095	36.7259004633
1096	36.7753698999
1097	36.7743237184
1098	36.8094455238
1099	36.8620535047
1100	36.8747571365
1101	36.9355851143
1102	36.9802720072
1103	36.9872963683
1104	37.0345239874
1105	37.0706919743
1106	37.0700941563
1107	37.1238977731
1108	37.1780002989
1109	37.1790464803
1110	37.2171573756
1111	37.2566133612
1112	37.2652817217
1113	37.3235689732
1114	37.3797638619
1115	37.3860409505
1116	37.4498580182
1117	37.5136750859
1118	37.5105365416
1119	37.5489463458
1120	37.5837692423
1121	37.5779405171
1122	37.6229263189
1123	37.681064116
1124	37.6658197579
1125	37.7269466447
1126	37.773277537
1127	37.7801524436
1128	37.8397847855
1129	37.8717680466
1130	37.8713196832
1131	37.933343297
1132	37.999701091
1133	37.9871469138
1134	38.0376625318
1135	38.0830966971
1136	38.0863846959
1137	38.1252428635
1138	38.1573755791
1139	38.1439246749
1140	38.1808399342
1141	38.2052010163
1142	38.1930952025
1143	38.2545209984
1144	38.2903900762
1145	38.2678224481
1146	38.3089224331
1147	38.3479300553
1148	38.3355253325
1149	38.3537587805
1150	38.3742340457
1151	38.3261096996
1152	38.3534598715
1153	38.3676580481
1154	38.3395606038
1155	38.3664624122
1156	38.3979973098
1157	38.3657151397
1158	38.3734867733
1159	38.3658645942
1160	38.3332835152
1161	38.3643700493
1162	38.3657151397
1163	38.3317889703
1164	38.3576445972
1165	38.3938125841
1166	38.3888805859
1167	38.4175758482
1168	38.4329696607
1169	38.3845464056
1170	38.3985951278
1171	38.411149305
1172	38.3589896876
1173	38.3712449559
1174	38.3664624122
1175	38.3210282469
1176	38.319832611
1177	38.3144522493
1178	38.2802271708
1179	38.2763413541
1180	38.2634882678
1181	38.202361381
1182	38.2059482887
1183	38.18502466
1184	38.1280824989
1185	38.1204603198
1186	38.1231505007
1187	38.058735615
1188	38.0597817964
1189	38.0455836198
1190	37.982962188
1191	37.9922283665
1192	37.9899865491
1193	37.9451502018
1194	37.9708563742
1195	37.9765356449
1196	37.9055447616
1197	37.9086833059
1198	37.8925422209
1199	37.8312658795
1200	37.8354506053
1201	37.8022717083
1202	37.7517560903
1203	37.7368106412
1204	37.7212673741
1205	37.6489314004
1206	37.6389179495
1207	37.6333881333
1208	37.5737557914
1209	37.5535794351
1210	37.538036168
1211	37.5056045434
1212	37.4982812734
1213	37.4915558213
1214	37.4600209236
1215	37.4640561949
1216	37.4438798386
1217	37.3926169481
1218	37.3978478553
1219	37.3679569571
1220	37.3279031535
1221	37.3240173367
1222	37.3243162457
1223	37.2655806307
1224	37.2723060828
1225	37.2726049918
1226	37.235540278
1227	37.2451053654
1228	37.2507846361
1229	37.200866836
1230	37.2053504708
1231	37.218502466
1232	37.1877148408
1233	37.2037064714
1234	37.2010162905
1235	37.1732177552
1236	37.1780002989
1237	37.1757584815
1238	37.1144821402
1239	37.1091017785
1240	37.1231505007
1241	37.0801076072
1242	37.101629054
1243	37.1104468689
1244	37.0654610671
1245	37.0789119713
1246	37.091914512
1247	37.0663577941
1248	37.0887759677
1249	37.0996861456
1250	37.0756239725
1251	37.0786130623
1252	37.1022268719
1253	37.0889254222
1254	37.101629054
1255	37.1333134061
1256	37.1292781348
1257	37.168883575
1258	37.2019130175
1259	37.18502466
1260	37.2202959199
1261	37.2332984606
1262	37.2207442834
1263	37.2563144522
1264	37.2697653564
1265	37.2356897325
1266	37.2451053654
1267	37.2477955463
1268	37.2171573756
1269	37.2588551786
1270	37.294275893
1271	37.277835899
1272	37.319832611
1273	37.3459871469
1274	37.328052608
1275	37.3583918697
1276	37.3948587655
1277	37.378568226
1278	37.429382753
1279	37.4570318338
1280	37.4269914811
1281	37.461664923
1282	37.4972350919
1283	37.4867732775
1284	37.504558362
1285	37.5422208937
1286	37.5325063518
1287	37.5613510686
1288	37.588850695
1289	37.5906441489
1290	37.6253175908
1291	37.6414586758
1292	37.6534150351
1293	37.6759826633
1294	37.6943655657
1295	37.6812135705
1296	37.72246301
1297	37.7637124496
1298	37.7487670004
1299	37.7883724406
1300	37.8217007921
1301	37.8107906143
1302	37.83993424
1303	37.8672844119
1304	37.8632491406
1305	37.8935884023
1306	37.891047676
1307	37.8659393215
1308	37.8977731281
1309	37.9173516664
1310	37.8868629502
1311	37.9189956658
1312	37.9423105664
1313	37.916604394
1314	37.9435062024
1315	37.95740547
1316	37.9411149305
1317	37.9699596473
1318	37.9886414587
1319	37.9644298311
1320	38.0001494545
1321	38.0130025407
1322	37.9964130922
1323	38.0110596323
1324	38.0321327156
1325	38.0008967269
1326	38.0185323569
1327	38.0286952623
1328	37.9902854581
1329	38.0086683605
1330	38.0146465401
1331	37.9967120012
1332	38.0064265431
1333	38.0236138096
1334	37.9898370946
1335	37.999402182
1336	38.0143476311
1337	37.9837094605
1338	38.0032879988
1339	38.0375130773
1340	38.0107607234
1341	38.0399043491
1342	38.0503661635
1343	38.0159916305
1344	38.0322821701
1345	38.0348228964
1346	37.9970109102
1347	38.0071738156
1348	38.0049319982
1349	37.9713047377
1350	37.9804214617
1351	37.9852040054
1352	37.9565087431
1353	37.9606934688
1354	37.9530712898
1355	37.916006576
1356	37.9192945748
1357	37.9173516664
1358	37.8920938574
1359	37.9009116724
1360	37.898968764
1361	37.8710207742
1362	37.8662382305
1363	37.8472575101
1364	37.831116425
1365	37.8267822448
1366	37.8179644298
1367	37.8039157077
1368	37.8202062472
1369	37.8118367957
1370	37.7578837244
1371	37.7632640861
1372	37.765356449
1373	37.7209684651
1374	37.7270960992
1375	37.7154386489
1376	37.6845015693
1377	37.6839037513
1378	37.6749364818
1379	37.6713495741
1380	37.7048273801
1381	37.6940666567
1382	37.6562546705
1383	37.6783739351
1384	37.6868928411
1385	37.6537139441
1386	37.6589448513
1387	37.6659692124
1388	37.6442983112
1389	37.6532655806
1390	37.6714990285
1391	37.6357794052
1392	37.638469586
1393	37.6239725004
1394	37.596173965
1395	37.5982663279
1396	37.6139590495
1397	37.5933343297
1398	37.5976685099
1399	37.604393962
1400	37.5659841578
1401	37.5661336123
1402	37.5508892542
1403	37.5111343596
1404	37.4876700045
1405	37.4934987296
1406	37.4423852937
1407	37.4716783739
1408	37.4754147362
1409	37.4522492901
1410	37.4695860111
1411	37.4915558213
1412	37.4597220146
1413	37.4649529218
1414	37.4757136452
1415	37.4444776566
1416	37.462860559
1417	37.4683903751
1418	37.4317740248
1419	37.4488118368
1420	37.4772081901
1421	37.4491107458
1422	37.4716783739
1423	37.4770587356
1424	37.4465700194
1425	37.4567329248
1426	37.4670452847
1427	37.4662980123
1428	37.4836347332
1429	37.4982812734
1430	37.4819907338
1431	37.4724256464
1432	37.4719772829
1433	37.4483634733
1434	37.4606187416
1435	37.4528471081
1436	37.4480645643
1437	37.4509041997
1438	37.4610671051
1439	37.4450754745
1440	37.4582274697
1441	37.4715289194
1442	37.4588252877
1443	37.4940965476
1444	37.4985801823
1445	37.4733223733
1446	37.4915558213
1447	37.4991780003
1448	37.4743685548
1449	37.4939470931
1450	37.4926020027
1451	37.4912569123
1452	37.4896129129
1453	37.4815423703
1454	37.4722761919
1455	37.4772081901
1456	37.4964878195
1457	37.4657001943
1458	37.4772081901
1459	37.4682409206
1460	37.445523838
1461	37.453146017
1462	37.4588252877
1463	37.4329696607
1464	37.4562845614
1465	37.4689881931
1466	37.4477656554
1467	37.461664923
1468	37.461664923
1469	37.4382005679
1470	37.4491107458
1471	37.461664923
1472	37.4329696607
1473	37.4546405619
1474	37.4579285608
1475	37.4408907488
1476	37.4657001943
1477	37.4864743686
1478	37.4591241967
1479	37.4818412793
1480	37.4718278284
1481	37.4507547452
1482	37.4515020176
1483	37.4592736512
1484	37.4266925721
1485	37.4361082051
1486	37.4565834703
1487	37.419668211
1488	37.4225078464
1489	37.4021820356
1490	37.3736362278
1491	37.3872365865
1492	37.3826034972
1493	37.3480795098
1494	37.3619787775
1495	37.3742340457
1496	37.3667613212
1497	37.3681064116
1498	37.3827529517
1499	37.3730384098
1500	37.3648184128
1501	37.3594380511
1502	37.3347780601
1503	37.3394111493
1504	37.344193693
1505	37.3202809744
1506	37.3320878792
1507	37.3090718876
1508	37.3038409804
1509	37.3175907936
1510	37.3095202511
1511	37.2791809894
1512	37.2926318936
1513	37.2968166193
1514	37.2527275445
1515	37.235540278
1516	37.2162606486
1517	37.1832312061
1518	37.1874159318
1519	37.1899566582
1520	37.1554326708
1521	37.1899566582
1522	37.1857719324
1523	37.1664923031
1524	37.168883575
1525	37.1720221193
1526	37.1469137648
1527	37.1464654013
1528	37.1605141234
1529	37.1219548647
1530	37.1380959498
1531	37.1401883127
1532	37.1240472276
1533	37.1144821402
1534	37.1235988641
1535	37.0938574204
1536	37.084292333
1537	37.0823494246
1538	37.0549992527
1539	37.0677028845
1540	37.0690479749
1541	37.0626214318
1542	37.0539530713
1543	37.0569421611
1544	37.0294425347
1545	37.0554476162
1546	37.059333433
1547	37.0451352563
1548	37.0629203408
1549	37.0627708863
1550	37.0313854431
1551	37.0197279928
1552	37.0391570767
1553	37.0283963533
1554	37.0280974443
1555	37.0373636228
1556	36.9979076371
1557	37.0098639964
1558	37.0097145419
1559	36.9756389179
1560	36.9895381856
1561	37.0131519952
1562	37.0240621731
1563	37.0364668958
1564	37.0573905246
1565	37.0400538036
1566	37.0576894336
1567	37.0696457929
1568	37.0297414437
1569	37.0297414437
1570	37.0424450755
1571	37.0162905395
1572	37.0304887162
1573	37.0282468988
1574	37.0165894485
1575	37.0478254372
1576	37.0630697952
1577	37.0605290689
1578	37.0881781498
1579	37.0907188761
1580	37.0960992378
1581	37.1070094156
1582	37.1026752354
1583	37.0966970557
1584	37.1310715887
1585	37.1379464953
1586	37.1043192348
1587	37.1107457779
1588	37.1448214019
1589	37.1322672246
1590	37.1635032133
1591	37.1660439396
1592	37.1383948588
1593	37.1410850396
1594	37.1319683156
1595	37.1049170528
1596	37.1207592288
1597	37.1230010462
1598	37.1040203258
1599	37.1227021372
1600	37.1475115827
1601	37.1300254073
1602	37.1485577642
1603	37.1551337618
1604	37.1392915857
1605	37.1630548498
1606	37.1930952025
1607	37.1763562995
1608	37.1902555672
1609	37.2089373786
1610	37.1896577492
1611	37.2004184726
1612	37.2049021073
1613	37.1893588402
1614	37.1944402929
1615	37.2135704678
1616	37.1972799283
1617	37.2120759229
1618	37.1971304738
1619	37.1942908384
1620	37.1942908384
1621	37.2022119265
1622	37.1823344792
1623	37.192945748
1624	37.2219399193
1625	37.1788970259
1626	37.1868181139
1627	37.2087879241
1628	37.1863697504
1629	37.2025108355
1630	37.2040053804
1631	37.1901061127
1632	37.2114781049
1633	37.2077417426
1634	37.1654461217
1635	37.1741144821
1636	37.1797937528
1637	37.1419817666
1638	37.1460170378
1639	37.1418323121
1640	37.1255417725
1641	37.1321177701
1642	37.1415334031
1643	37.1186668659
1644	37.1240472276
1645	37.1129875953
1646	37.0911672396
1647	37.1055148707
1648	37.0901210581
1649	37.0626214318
1650	37.0771185174
1651	37.0819010611
1652	37.0635181587
1653	37.0555970707
1654	37.0445374384
1655	37.007622179
1656	37.0112090868
1657	36.9980570916
1658	36.9871469138
1659	36.9944701838
1660	36.9956658198
1661	36.9720520102
1662	36.9817665521
1663	36.9793752802
1664	36.9536691078
1665	36.9593483784
1666	36.9892392766
1667	36.9683156479
1668	36.9956658198
1669	36.9944701838
1670	36.9698101928
1671	36.9850545509
1672	36.9955163653
1673	36.9578538335
1674	36.9609923778
1675	36.9627858317
1676	36.9372291137
1677	36.9376774772
1678	36.9375280227
1679	36.9082349425
1680	36.8949334928
1681	36.8807353161
1682	36.8684800478
1683	36.873710955
1684	36.8701240472
1685	36.839635331
1686	36.8378418771
1687	36.8506949634
1688	36.8361978777
1689	36.8364967867
1690	36.8492004185
1691	36.8297713346
1692	36.8293229712
1693	36.8550291436
1694	36.8299207891
1695	36.8276789718
1696	36.8474069646
1697	36.8344044239
1698	36.8435211478
1699	36.8388880586
1700	36.8057091616
1701	36.807353161
1702	36.814676431
1703	36.7983858915
1704	36.79001644
1705	36.7777611717
1706	36.7710357196
1707	36.7930055298
1708	36.7880735316
1709	36.7722313556
1710	36.7874757136
1711	36.8001793454
1712	36.7883724406
1713	36.7888208041
1714	36.8184127933
1715	36.790614258
1716	36.8003287999
1717	36.8115378867
1718	36.807054252
1719	36.824092064
1720	36.8369451502
1721	36.8300702436
1722	36.8492004185
1723	36.8499476909
1724	36.8264833358
1725	36.8384396951
1726	36.8680316844
1727	36.8611567778
1728	36.9049469437
1729	36.9297563892
1730	36.924525482
1731	36.9278134808
1732	36.9469436557
1733	36.9554625616
1734	36.9686145569
1735	36.9956658198
1736	36.9955163653
1737	37.0267523539
1738	37.0370647138
1739	37.0095650874
1740	37.0257061725
1741	37.0270512629
1742	37.0049319982
1743	37.0364668958
1744	37.0529068899
1745	37.0352712599
1746	37.0780152444
1747	37.0851890599
1748	37.0662083396
1749	37.0862352414
1750	37.0968465102
1751	37.0765206994
1752	37.0914661486
1753	37.1291286803
1754	37.1363024959
1755	37.1510984905
1756	37.1585712151
1757	37.1385443133
1758	37.1542370348
1759	37.184426842
1760	37.1717232103
1761	37.1736661187
1762	37.1908533851
1763	37.1774024809
1764	37.1995217456
1765	37.2193991929
1766	37.2074428337
1767	37.2217904648
1768	37.2334479151
1769	37.2022119265
1770	37.1923479301
1771	37.2104319235
1772	37.2083395606
1773	37.2301599163
1774	37.2424151846
1775	37.2158122852
1776	37.2327006427
1777	37.2555671798
1778	37.2413690031
1779	37.2494395457
1780	37.2543715439
1781	37.2479450007
1782	37.2540726349
1783	37.2569122702
1784	37.2389777313
1785	37.2353908235
1786	37.2359886415
1787	37.2007173816
1788	37.2083395606
1789	37.2092362876
1790	37.1956359289
1791	37.1987744732
1792	37.2161111941
1793	37.1917501121
1794	37.1836795696
1795	37.1812882977
1796	37.1554326708
1797	37.1621581229
1798	37.1599163055
1799	37.1244955911
1800	37.133911224
1801	37.1295770438
1802	37.101629054
1803	37.1065610522
1804	37.1002839635
1805	37.0824988791
1806	37.0627708863
1807	37.0653116126
1808	37.0333283515
1809	37.0277985353
1810	37.0266028994
1811	37.0001494545
1812	37.0032879988
1813	36.999402182
1814	36.9745927365
1815	36.9805709162
1816	36.9702585563
1817	36.9447018383
1818	36.9458974742
1819	36.9118218502
1820	36.8934389478
1821	36.9201913017
1822	36.9149603946
1823	36.898370946
1824	36.907188761
1825	36.9049469437
1826	36.85756987
1827	36.8378418771
1828	36.8397847855
1829	36.8267822448
1830	36.8369451502
1831	36.839635331
1832	36.8045135256
1833	36.8079509789
1834	36.8269316993
1835	36.790315349
1836	36.7838888059
1837	36.7690928112
1838	36.7465251831
1839	36.7531011807
1840	36.756538634
1841	36.7536989987
1842	36.7692422657
1843	36.7786578987
1844	36.7532506352
1845	36.7550440891
1846	36.7529517262
1847	36.7424899118
1848	36.755940816
1849	36.7574353609
1850	36.7384546406
1851	36.7504109999
1852	36.7429382753
1853	36.7383051861
1854	36.7363622777
1855	36.7601255418
1856	36.7516066358
1857	36.7499626364
1858	36.7602749963
1859	36.7342699148
1860	36.7333731879
1861	36.7448811837
1862	36.74009864
1863	36.7468240921
1864	36.755940816
1865	36.722164101
1866	36.7235091915
1867	36.7335226424
1868	36.7082648334
1869	36.7131968316
1870	36.7235091915
1871	36.7131968316
1872	36.7151397399
1873	36.7212673741
1874	36.7120011956
1875	36.7284411897
1876	36.7338215513
1877	36.7261993723
1878	36.7360633687
1879	36.755940816
1880	36.7206695561
1881	36.7384546406
1882	36.7378568226
1883	36.7196233747
1884	36.7420415483
1885	36.7495142729
1886	36.7356150052
1887	36.7380062771
1888	36.7580331789
1889	36.7296368256
1890	36.7415931849
1891	36.7629651771
1892	36.7768644448
1893	36.8033178897
1894	36.7974891645
1895	36.7870273502
1896	36.7961440741
1897	36.7924077119
1898	36.7779106262
1899	36.8025706172
1900	36.8312658795
1901	36.8145269765
1902	36.8252876999
1903	36.848752055
1904	36.8442684203
1905	36.8583171424
1906	36.8756538634
1907	36.8533851442
1908	36.8829771335
1909	36.9034523987
1910	36.9148109401
1911	36.9100283964
1912	36.9212374832
1913	36.9067403975
1914	36.9070393065
1915	36.9128680317
1916	36.9061425796
1917	36.9097294874
1918	36.9039007622
1919	36.8973247646
1920	36.9134658496
1921	36.9381258407
1922	36.9234793006
1923	36.9348378419
1924	36.950381109
1925	36.9533701988
1926	36.9520251084
1927	36.9461963832
1928	36.9139142131
1929	36.9194440293
1930	36.9439545658
1931	36.9547152892
1932	36.9871469138
1933	37.0074727246
1934	36.9998505455
1935	37.0110596323
1936	37.009116724
1937	36.9884920042
1938	37.0156927216
1939	37.034075624
1940	37.0177850844
1941	37.04259453
1942	37.0555970707
1943	37.0479748916
1944	37.0367658048
1945	37.0464803467
1946	37.0410999851
1947	37.0600807054
1948	37.0570916156
1949	37.0509639815
1950	37.0708414288
1951	37.0775668809
1952	37.0759228815
1953	37.100134509
1954	37.1068599611
1955	37.1014795995
1956	37.1061126887
1957	37.109550142
1958	37.0953519653
1959	37.1096995965
1960	37.1197130474
1961	37.109849051
1962	37.1246450456
1963	37.118367957
1964	37.075773427
1965	37.0674039755
1966	37.0554476162
1967	37.0313854431
1968	37.0427439845
1969	37.0461814378
1970	37.0487221641
1971	37.0551487072
1972	37.0509639815
1973	37.0403527126
1974	37.0352712599
1975	37.0361679868
1976	37.0121058138
1977	37.0165894485
1978	37.0156927216
1979	36.9852040054
1980	36.9928261844
1981	36.9813181886
1982	36.9447018383
1983	36.9346883874
1984	36.9478403826
1985	36.9194440293
1986	36.9257211179
1987	36.9355851143
1988	36.9240771185
1989	36.9175011209
1990	36.9376774772
1991	36.9352862054
1992	36.9345389329
1993	36.9355851143
1994	36.9094305784
1995	36.9191451203
1996	36.9089822149
1997	36.8741593185
1998	36.8729636826
1999	36.8565236885
2000	36.8623524137
