-2000	34.76505754
-1990	34.7557913615
-1980	34.7414437304
-1970	34.764160813
-1960	34.7629651771
-1950	34.8254371544
-1940	34.8738604095
-1930	34.8639964131
-1920	34.9142131221
-1910	34.9630847407
-1900	35.0023912719
-1890	35.0606785234
-1880	35.0379614407
-1870	35.0138992677
-1860	35.0055298162
-1850	35.0055298162
-1840	34.9067403975
-1830	34.8965774922
-1820	34.7968913466
-1810	34.7749215364
-1800	34.8185622478
-1790	34.8243909729
-1780	34.8347033328
-1770	34.8898520401
-1760	34.9360334778
-1750	35.0327305336
-1740	35.0821999701
-1730	35.0892243312
-1720	35.0949036019
-1710	35.1137348677
-1700	35.0606785234
-1690	34.9866985503
-1680	34.9006127634
-1670	34.8113884322
-1660	34.7580331789
-1650	34.7079659244
-1640	34.6567030339
-1630	34.6698550291
-1620	34.721865192
-1610	34.8154237035
-1600	34.8674338664
-1590	34.9562098341
-1580	35.033477806
-1570	35.0541025258
-1560	35.0530563443
-1550	35.0624719773
-1540	34.982962188
-1530	34.8604095053
-1520	34.7704379017
-1510	34.6862950232
-1500	34.64758631
-1490	34.6156030489
-1480	34.5658347033
-1470	34.6064863249
-1460	34.6853982962
-1450	34.7789568077
-1440	34.8527873263
-1430	34.9880436407
-1420	34.9778807353
-1410	35.0390076222
-1400	35.1149305037
-1390	35.1040203258
-1380	35.0996861456
-1370	35.1527424899
-1360	35.1709759378
-1350	35.1735166642
-1340	35.2409206397
-1330	35.1667912121
-1320	35.1990733822
-1310	35.2489911822
-1300	35.2380810043
-1290	35.2125242864
-1280	35.2788820804
-1270	35.3322373337
-1260	35.4323718428
-1250	35.4981318189
-1240	35.5189059931
-1230	35.5357943506
-1220	35.5120310865
-1210	35.4686892841
-1200	35.4377522045
-1190	35.3797638619
-1180	35.25990136
-1170	35.2385293678
-1160	35.192646839
-1150	35.1778508444
-1140	35.167986848
-1130	35.1554326708
-1120	35.1162755941
-1110	35.2244806456
-1100	35.3491256912
-1090	35.4523987446
-1080	35.5697205201
-1070	35.6819608429
-1060	35.7123001046
-1050	35.797937528
-1040	35.8595127784
-1030	35.8021222538
-1020	35.8388880586
-1010	35.7950978927
-1000	35.7444328202
-990	35.7844866238
-980	35.8261844268
-970	35.7534000897
-960	35.7816469885
-950	35.8092960693
-940	35.9055447616
-930	36.0681512479
-920	36.2721566283
-910	36.3151995217
-900	36.4955910925
-890	36.6688088477
-880	36.7034822896
-870	36.7575848154
-860	36.7852338963
-850	36.6825586609
-840	36.6767299357
-830	36.6598415782
-820	36.5227918099
-810	36.4413391122
-800	36.4047227619
-790	36.327753699
-780	36.3150500673
-770	36.3672096847
-760	36.4237034823
-750	36.5227918099
-740	36.7179793753
-730	36.7856822598
-720	36.9264683904
-710	37.0660588851
-700	37.1369003139
-690	37.1289792258
-680	37.1753101181
-670	37.1418323121
-660	37.193543566
-650	37.2319533702
-640	37.1981766552
-630	37.2255268271
-620	37.2706620834
-610	37.269316993
-600	37.3681064116
-590	37.4316245703
-580	37.4982812734
-570	37.6419070393
-560	37.7752204454
-550	37.874607682
-540	38.0457330743
-530	38.1510984905
-520	38.1781497534
-510	38.1886115678
-500	38.2049021073
-490	38.1102974144
-480	38.0195785383
-470	37.9164549395
-460	37.8266327903
-450	37.8432222388
-440	37.8861156778
-430	37.9276640263
-420	37.9612912868
-410	38.0512628904
-400	38.1144821402
-390	38.3033926169
-380	38.437004932
-370	38.4958900015
-360	38.5836197878
-350	38.6311463159
-340	38.5936332387
-330	38.5532805261
-320	38.529218353
-310	38.3830518607
-300	38.37737259
-290	38.3301449709
-280	38.3258107906
-270	38.4090569422
-260	38.5444627111
-250	38.6072335974
-240	38.7675982663
-230	38.9314003886
-220	39.0342250785
-210	39.1573755791
-200	39.2894933493
-190	39.3455387834
-180	39.3736362278
-170	39.2829173517
-160	39.1034225078
-150	39.0699447018
-140	38.9339411149
-130	38.7980869825
-120	38.7841877148
-110	39.2736511732
-100	39.3174413391
-90	39.5487968913
-80	39.5308623524
-70	39.3074278882
-60	39.0210730832
-50	38.3409056942
-40	37.1401883127
-30	35.8937378568
-20	34.5396801674
-10	32.999402182
0	31.6157525034
10	30.1576744881
20	28.7442833657
30	27.3534598715
40	26.4501569272
50	25.5904946944
60	24.9597967419
70	24.5432670752
80	24.3065311613
90	24.2826184427
100	24.5163652668
110	24.7046779256
120	24.883126588
130	25.2359886415
140	25.5801823345
150	26.0158421761
160	26.4848303692
170	27.0070243611
180	27.5851143327
190	28.1091017785
200	28.6498281273
210	29.1936930205
220	29.7244059184
230	30.2268719175
240	30.6311463159
250	31.0174861755
260	31.3573456882
270	31.6411597669
280	31.9195934838
290	32.1917501121
300	32.3598864146
310	32.6085786878
320	32.7492153639
330	33.0213719922
340	33.310118069
350	33.6649230309
360	33.9950680018
370	34.2830668062
380	34.5756986997
390	34.8079509789
400	35.058735615
410	35.1730683007
420	35.2377820954
430	35.2332984606
440	35.2249290091
450	35.1901061127
460	35.1769541175
470	35.2461515469
480	35.2546704528
490	35.3588402331
500	35.4434314751
510	35.5918397848
520	35.7580331789
530	35.9766850994
540	36.1371992228
550	36.2842624421
560	36.369152593
570	36.4760125542
580	36.5162158123
590	36.5174114482
600	36.4697354656
610	36.3802122254
620	36.3228217008
630	36.2282170079
640	36.1382454043
650	36.1102974144
660	36.1337617695
670	36.1667912121
680	36.2418173666
690	36.353609326
700	36.4553878344
710	36.6028994171
720	36.6988492004
730	36.7118517411
740	36.6592437603
750	36.638768495
760	36.5165147213
770	36.4662980123
780	36.3358242415
790	36.260499178
800	36.1549843073
810	36.0920639665
820	36.1288297713
830	36.1418323121
840	36.125691227
850	36.2101330145
860	36.2761918996
870	36.3701987745
880	36.4396951128
890	36.5402779854
900	36.6632790315
910	36.6882379315
920	36.7079659244
930	36.6477357645
940	36.6120161411
950	36.5586608878
960	36.4310267524
970	36.3343296966
980	36.3397100583
990	36.335973696
1000	36.3826034972
