-2000	16.9696607383
-1999	16.9502316545
-1998	16.9490360185
-1997	16.9372291137
-1996	16.9378269317
-1995	16.9266178449
-1994	16.9221342101
-1993	16.9086833059
-1992	16.8964280377
-1991	16.8947840383
-1990	16.8891047676
-1989	16.873710955
-1988	16.865490958
-1987	16.8626513227
-1986	16.8629502317
-1985	16.8674338664
-1984	16.8759527724
-1983	16.8805858616
-1982	16.8835749514
-1981	16.8696756838
-1980	16.8749065909
-1979	16.8783440442
-1978	16.8799880436
-1977	16.8749065909
-1976	16.8780451353
-1975	16.8772978628
-1974	16.8840233149
-1973	16.8853684053
-1972	16.890449858
-1971	16.8919444029
-1970	16.8835749514
-1969	16.8759527724
-1968	16.8781945897
-1967	16.891346585
-1966	16.8967269466
-1965	16.8908982215
-1964	16.8946345838
-1963	16.8958302197
-1962	16.8953818562
-1961	16.8974742191
-1960	16.8973247646
-1959	16.8928411299
-1958	16.8850694963
-1957	16.8877596772
-1956	16.8973247646
-1955	16.8877596772
-1954	16.8832760424
-1953	16.8810342251
-1952	16.8892542221
-1951	16.8841727694
-1950	16.8891047676
-1949	16.8908982215
-1948	16.8923927664
-1947	16.9053953071
-1946	16.9009116724
-1945	16.9155582125
-1944	16.9258705724
-1943	16.9290091167
-1942	16.9287102077
-1941	16.9379763862
-1940	16.966223285
-1939	16.9781796443
-1938	16.992078912
-1937	17.0171872665
-1936	17.0405021671
-1935	17.0475265282
-1934	17.0567927066
-1933	17.0742788821
-1932	17.0953519653
-1931	17.1062621432
-1930	17.1108952324
-1929	17.1170228665
-1928	17.1283814079
-1927	17.1470632192
-1926	17.1629053953
-1925	17.1694813929
-1924	17.1799432073
-1923	17.1895082947
-1922	17.2016141085
-1921	17.2117770139
-1920	17.2303093708
-1919	17.2448064564
-1918	17.252876999
-1917	17.2622926319
-1916	17.2699148109
-1915	17.2815722612
-1914	17.2850097145
-1913	17.286354805
-1912	17.2896428038
-1911	17.3047377074
-1910	17.3053355253
-1909	17.3177402481
-1908	17.3323867882
-1907	17.3456882379
-1906	17.34509042
-1905	17.3488267822
-1904	17.3625765954
-1903	17.3846958601
-1902	17.3939620386
-1901	17.4003885817
-1900	17.3982962188
-1899	17.4072634883
-1898	17.411448214
-1897	17.4154834853
-1896	17.4217605739
-1895	17.4244507547
-1894	17.4147362128
-1893	17.4244507547
-1892	17.4328202062
-1891	17.4265431176
-1890	17.4130922134
-1889	17.4217605739
-1888	17.41996712
-1887	17.436407114
-1886	17.4411896577
-1885	17.4513525631
-1884	17.4383500224
-1883	17.4308772979
-1882	17.4437303841
-1881	17.4474667464
-1880	17.4513525631
-1879	17.4404423853
-1878	17.4468689284
-1877	17.4434314751
-1876	17.4565834703
-1875	17.4751158272
-1874	17.4674936482
-1873	17.4737707368
-1872	17.4658496488
-1871	17.4525481991
-1870	17.4468689284
-1869	17.454042744
-1868	17.4353609326
-1867	17.420564938
-1866	17.4307278434
-1865	17.4256463907
-1864	17.4187714841
-1863	17.4099536691
-1862	17.395606038
-1861	17.3848453146
-1860	17.3676580481
-1859	17.3525631445
-1858	17.3385144224
-1857	17.3322373337
-1856	17.3261096996
-1855	17.3126587954
-1854	17.2941264385
-1853	17.2806755343
-1852	17.269316993
-1851	17.2593035421
-1850	17.2491406367
-1849	17.2380810043
-1848	17.2252279181
-1847	17.2232850097
-1846	17.2050515618
-1845	17.2010162905
-1844	17.1924973845
-1843	17.1838290241
-1842	17.1741144821
-1841	17.1738155732
-1840	17.1670901211
-1839	17.1621581229
-1838	17.1467643103
-1837	17.1470632192
-1836	17.1315199522
-1835	17.1134359588
-1834	17.0868330593
-1833	17.0778657899
-1832	17.0662083396
-1831	17.0551487072
-1830	17.050515618
-1829	17.0315348976
-1828	17.0182334479
-1827	17.0203258108
-1826	17.0104618144
-1825	17.0067254521
-1824	17.0121058138
-1823	17.0043341802
-1822	16.9988043641
-1821	16.9962636377
-1820	16.9935734569
-1819	16.9955163653
-1818	16.9941712748
-1817	16.9928261844
-1816	16.9896876401
-1815	16.9843072784
-1814	16.9693618293
-1813	16.9651771036
-1812	16.95740547
-1811	16.9571065611
-1810	16.9636825587
-1809	16.9695112838
-1808	16.9648781946
-1807	16.958601106
-1806	16.9623374682
-1805	16.9565087431
-1804	16.9618891048
-1803	16.9433567479
-1802	16.9264683904
-1801	16.9237782095
-1800	16.9231803916
-1799	16.924226573
-1798	16.9300552982
-1797	16.933044388
-1796	16.9316992976
-1795	16.9328949335
-1794	16.9294574802
-1793	16.9225825736
-1792	16.9260200269
-1791	16.9188462113
-1790	16.9237782095
-1789	16.9349872964
-1788	16.9402182036
-1787	16.9550141982
-1786	16.9636825587
-1785	16.9816170976
-1784	16.9925272754
-1783	16.9958152742
-1782	17.0026901808
-1781	17.0116574503
-1780	17.0228665371
-1779	17.0327305336
-1778	17.0294425347
-1777	17.0352712599
-1776	17.0503661635
-1775	17.0521596174
-1774	17.0449858018
-1773	17.0623225228
-1772	17.0694963384
-1771	17.0748767
-1770	17.0911672396
-1769	17.0963981468
-1768	17.0952025108
-1767	17.1134359588
-1766	17.1153788671
-1765	17.1146315947
-1764	17.1230010462
-1763	17.1394410402
-1762	17.1654461217
-1761	17.1862202959
-1760	17.1951875654
-1759	17.2062471977
-1758	17.2140188313
-1757	17.2090868331
-1756	17.219100284
-1755	17.2344940965
-1754	17.2335973696
-1753	17.2410700942
-1752	17.2474966373
-1751	17.2452548199
-1750	17.2488417277
-1749	17.2494395457
-1748	17.2600508145
-1747	17.2609475415
-1746	17.2587057241
-1745	17.2757435361
-1744	17.2838140786
-1743	17.2800777163
-1742	17.2866537139
-1741	17.2959198924
-1740	17.2953220744
-1739	17.2909878942
-1738	17.294574802
-1737	17.2891944403
-1736	17.2847108056
-1735	17.2848602601
-1734	17.2956209834
-1733	17.3013002541
-1732	17.3072784337
-1731	17.3042893439
-1730	17.3132566134
-1729	17.319832611
-1728	17.3314900613
-1727	17.3290987894
-1726	17.3216260649
-1725	17.3247646092
-1724	17.327753699
-1723	17.3259602451
-1722	17.3350769691
-1721	17.3418024212
-1720	17.3461366014
-1719	17.3506202361
-1718	17.360932596
-1717	17.3543565984
-1716	17.3561500523
-1715	17.3494246002
-1714	17.3449409655
-1713	17.3428486026
-1712	17.3326856972
-1711	17.3220744283
-1710	17.3144522493
-1709	17.3168435211
-1708	17.3119115229
-1707	17.3163951577
-1706	17.3114631595
-1705	17.3144522493
-1704	17.3086235241
-1703	17.301898072
-1702	17.3062322523
-1701	17.3168435211
-1700	17.3120609774
-1699	17.3050366164
-1698	17.3033926169
-1697	17.3041398894
-1696	17.3071289792
-1695	17.3102675235
-1694	17.3059333433
-1693	17.3111642505
-1692	17.3217755194
-1691	17.3163951577
-1690	17.3032431625
-1689	17.2924824391
-1688	17.2820206247
-1687	17.2805260798
-1686	17.285159169
-1685	17.2951726199
-1684	17.2926318936
-1683	17.303093708
-1682	17.2957704379
-1681	17.301898072
-1680	17.2978628008
-1679	17.3032431625
-1678	17.3090718876
-1677	17.3038409804
-1676	17.3051860708
-1675	17.3005529816
-1674	17.3005529816
-1673	17.3057838888
-1672	17.2966671648
-1671	17.2963682559
-1670	17.2987595277
-1669	17.3014497086
-1668	17.2971155283
-1667	17.2975638918
-1666	17.3013002541
-1665	17.3086235241
-1664	17.3217755194
-1663	17.3132566134
-1662	17.3143027948
-1661	17.3099686146
-1660	17.3045882529
-1659	17.3038409804
-1658	17.3072784337
-1657	17.3002540726
-1656	17.2818711702
-1655	17.2761918996
-1654	17.2832162606
-1653	17.2793304439
-1652	17.2717082648
-1651	17.2563144522
-1650	17.2491406367
-1649	17.2461515469
-1648	17.2473471828
-1647	17.2318039157
-1646	17.2223882828
-1645	17.2176057391
-1644	17.2304588253
-1643	17.2310566433
-1642	17.2421162756
-1641	17.2485428187
-1640	17.2482439097
-1639	17.2530264534
-1638	17.2500373636
-1637	17.2705126289
-1636	17.2723060828
-1635	17.2738006277
-1634	17.2688686295
-1633	17.2746973547
-1632	17.2776864445
-1631	17.2874009864
-1630	17.294275893
-1629	17.2897922583
-1628	17.2856075325
-1627	17.2876998954
-1626	17.2924824391
-1625	17.2993573457
-1624	17.2797788074
-1623	17.2805260798
-1622	17.2848602601
-1621	17.277835899
-1620	17.269615902
-1619	17.2521297265
-1618	17.2461515469
-1617	17.2581079061
-1616	17.2646839038
-1615	17.2730533553
-1614	17.2761918996
-1613	17.2735017187
-1612	17.2703631744
-1611	17.2709609924
-1610	17.2702137199
-1609	17.2627409954
-1608	17.2558660888
-1607	17.2560155433
-1606	17.244358093
-1605	17.2479450007
-1604	17.2515319085
-1603	17.2594529966
-1602	17.2572111792
-1601	17.2548199073
-1600	17.2533253624
-1599	17.2622926319
-1598	17.269018084
-1597	17.2718577193
-1596	17.268121357
-1595	17.2724555373
-1594	17.2742489912
-1593	17.2821700792
-1592	17.2814228068
-1591	17.2646839038
-1590	17.2862053505
-1589	17.2923329846
-1588	17.3011507996
-1587	17.3087729786
-1586	17.3054849798
-1585	17.3020475265
-1584	17.3044387984
-1583	17.310118069
-1582	17.3005529816
-1581	17.2932297116
-1580	17.2908384397
-1579	17.2899417127
-1578	17.2987595277
-1577	17.3048871619
-1576	17.302794799
-1575	17.3035420714
-1574	17.3087729786
-1573	17.3180391571
-1572	17.3219249738
-1571	17.318636975
-1570	17.3117620685
-1569	17.3178897026
-1568	17.3081751607
-1567	17.3086235241
-1566	17.3069795247
-1565	17.3184875205
-1564	17.3083246152
-1563	17.2983111643
-1562	17.2878493499
-1561	17.2871020774
-1560	17.2784337169
-1559	17.2787326259
-1558	17.2853086235
-1557	17.2779853535
-1556	17.269615902
-1555	17.2703631744
-1554	17.269018084
-1553	17.2678224481
-1552	17.2594529966
-1551	17.276939172
-1550	17.2748468091
-1549	17.269018084
-1548	17.2672246301
-1547	17.2634882678
-1546	17.276640263
-1545	17.2770886265
-1544	17.2723060828
-1543	17.2628904499
-1542	17.2622926319
-1541	17.2579584517
-1540	17.2569122702
-1539	17.2479450007
-1538	17.251980272
-1537	17.2446570019
-1536	17.2555671798
-1535	17.2531759079
-1534	17.2576595427
-1533	17.2642355403
-1532	17.2566133612
-1531	17.2633388133
-1530	17.2634882678
-1529	17.2720071738
-1528	17.276640263
-1527	17.2793304439
-1526	17.2817217157
-1525	17.277238081
-1524	17.2921835301
-1523	17.2959198924
-1522	17.3023464355
-1521	17.3135555223
-1520	17.3208787924
-1519	17.3222238828
-1518	17.3449409655
-1517	17.336571514
-1516	17.352114781
-1515	17.3537587805
-1514	17.3643700493
-1513	17.3758780451
-1512	17.3775220445
-1511	17.3905245853
-1510	17.4078613062
-1509	17.4247496637
-1508	17.4272903901
-1507	17.4485129278
-1506	17.4670452847
-1505	17.4806456434
-1504	17.4840830967
-1503	17.4870721865
-1502	17.4915558213
-1501	17.5069496338
-1500	17.5111343596
-1499	17.5132267225
-1498	17.5247347183
-1497	17.5337019877
-1496	17.5296667165
-1495	17.5365416231
-1494	17.5573157973
-1493	17.5638917949
-1492	17.5647885219
-1491	17.5745030638
-1490	17.5915408758
-1489	17.6200866836
-1488	17.6301001345
-1487	17.6487819459
-1486	17.6580481243
-1485	17.6650724854
-1484	17.6812135705
-1483	17.7055746525
-1482	17.7096099238
-1481	17.7099088328
-1480	17.7073681064
-1479	17.7199222837
-1478	17.7254520998
-1477	17.7308324615
-1476	17.7405470034
-1475	17.7584815424
-1474	17.7752204454
-1473	17.7835898969
-1472	17.8049618891
-1471	17.8197578837
-1470	17.831714243
-1469	17.8406815125
-1468	17.8499476909
-1467	17.8551785981
-1466	17.8702735017
-1465	17.8769989538
-1464	17.8941862203
-1463	17.8953818562
-1462	17.9092811239
-1461	17.8977731281
-1460	17.8955313107
-1459	17.9022567628
-1458	17.9025556718
-1457	17.907188761
-1456	17.9212374832
-1455	17.9305036616
-1454	17.9363323868
-1453	17.9394709311
-1452	17.9545658347
-1451	17.9387236586
-1450	17.9441040203
-1449	17.9485876551
-1448	17.9450007473
-1447	17.9469436557
-1446	17.9470931101
-1445	17.9354356598
-1444	17.9467942012
-1443	17.9379763862
-1442	17.9300552982
-1441	17.9306531161
-1440	17.9369302048
-1439	17.9450007473
-1438	17.9450007473
-1437	17.9469436557
-1436	17.9391720221
-1435	17.9455985652
-1434	17.9433567479
-1433	17.9427589299
-1432	17.9312509341
-1431	17.9279629353
-1430	17.9376774772
-1429	17.9385742042
-1428	17.9255716634
-1427	17.9210880287
-1426	17.9185473023
-1425	17.9118218502
-1424	17.9158571215
-1423	17.9104767598
-1422	17.9116723958
-1421	17.898669855
-1420	17.891346585
-1419	17.8917949484
-1418	17.8804364071
-1417	17.8786429532
-1416	17.882229861
-1415	17.8704229562
-1414	17.8677327754
-1413	17.8635480496
-1412	17.8496487819
-1411	17.8409804215
-1410	17.8281273352
-1409	17.823195337
-1408	17.8249887909
-1407	17.8327604245
-1406	17.8306680616
-1405	17.8212524286
-1404	17.8086982514
-1403	17.7961440741
-1402	17.7853833508
-1401	17.7747720819
-1400	17.7631146316
-1399	17.7362128232
-1398	17.7173815573
-1397	17.714840831
-1396	17.705425198
-1395	17.6985502914
-1394	17.6904797489
-1393	17.6785233896
-1392	17.6676132118
-1391	17.6613361232
-1390	17.6535644896
-1389	17.6372739501
-1388	17.6374234046
-1387	17.6368255866
-1386	17.6278583171
-1385	17.6173965028
-1384	17.5976685099
-1383	17.5725601554
-1382	17.5574652518
-1381	17.546256165
-1380	17.5366910776
-1379	17.5166641758
-1378	17.5245852638
-1377	17.5198027201
-1376	17.5153190853
-1375	17.5084441787
-1374	17.5014198177
-1373	17.4933492751
-1372	17.5030638171
-1371	17.4884172769
-1370	17.4908085488
-1369	17.495142729
-1368	17.4888656404
-1367	17.4722761919
-1366	17.4680914661
-1365	17.4637572859
-1364	17.4523987446
-1363	17.4579285608
-1362	17.4506052907
-1361	17.4495591093
-1360	17.4425347482
-1359	17.4392467494
-1358	17.4447765655
-1357	17.4361082051
-1356	17.4340158422
-1355	17.4341652967
-1354	17.4286354805
-1353	17.4268420266
-1352	17.4174263937
-1351	17.4144373038
-1350	17.4074129428
-1349	17.4139889404
-1348	17.4002391272
-1347	17.4015842176
-1346	17.3971005829
-1345	17.4030787625
-1344	17.4047227619
-1343	17.3962038559
-1342	17.3987445823
-1341	17.3918696757
-1340	17.3935136751
-1339	17.3879838589
-1338	17.3909729487
-1337	17.3923180392
-1336	17.3936631296
-1335	17.386190405
-1334	17.3805111344
-1333	17.3772231356
-1332	17.3721416829
-1331	17.3808100433
-1330	17.3869376775
-1329	17.3855925871
-1328	17.3893289493
-1327	17.3914213122
-1326	17.3991929457
-1325	17.3993424002
-1324	17.4006874907
-1323	17.3982962188
-1322	17.4054700344
-1321	17.4139889404
-1320	17.420863847
-1319	17.4283365715
-1318	17.4338663877
-1317	17.4358092961
-1316	17.4483634733
-1315	17.4516514721
-1314	17.453444926
-1313	17.4597220146
-1312	17.471379465
-1311	17.478403826
-1310	17.4879689135
-1309	17.4961889105
-1308	17.5105365416
-1307	17.5162158123
-1306	17.5311612614
-1305	17.5334030788
-1304	17.538036168
-1303	17.5414736213
-1302	17.5417725303
-1301	17.5405768943
-1300	17.5525332536
-1299	17.5490958003
-1298	17.5508892542
-1297	17.5446121656
-1296	17.5480496189
-1295	17.5392318039
-1294	17.5471528919
-1293	17.5516365267
-1292	17.5552234345
-1291	17.5646390674
-1290	17.5698699746
-1289	17.58003288
-1288	17.5753997908
-1287	17.5903452399
-1286	17.5948288746
-1285	17.5910925123
-1284	17.5939321477
-1283	17.5978179644
-1282	17.6159019579
-1281	17.6298012255
-1280	17.6266626812
-1279	17.6259154088
-1278	17.639366313
-1277	17.6568524884
-1276	17.6568524884
-1275	17.6647735764
-1274	17.6714990285
-1273	17.6783739351
-1272	17.6782244806
-1271	17.6753848453
-1270	17.67986848
-1269	17.6879390226
-1268	17.6940666567
-1267	17.6973546555
-1266	17.7012404723
-1265	17.7006426543
-1264	17.6963084741
-1263	17.6906292034
-1262	17.7021371992
-1261	17.6924226573
-1260	17.6915259304
-1259	17.6979524735
-1258	17.6936182932
-1257	17.6922732028
-1256	17.6930204753
-1255	17.6897324765
-1254	17.6955612016
-1253	17.7073681064
-1252	17.7069197429
-1251	17.7025855627
-1250	17.7010910178
-1249	17.6870422956
-1248	17.6865939321
-1247	17.6759826633
-1246	17.6664175758
-1245	17.6462412195
-1244	17.6465401285
-1243	17.6399641309
-1242	17.638469586
-1241	17.6417575848
-1240	17.6293528621
-1239	17.6154535944
-1238	17.6212823195
-1237	17.6287550441
-1236	17.6248692273
-1235	17.6037961441
-1234	17.596771783
-1233	17.5897474219
-1232	17.5915408758
-1231	17.5906441489
-1230	17.5780899716
-1229	17.5849648782
-1228	17.5827230608
-1227	17.5780899716
-1226	17.5774921536
-1225	17.5855626962
-1224	17.5846659692
-1223	17.5915408758
-1222	17.596771783
-1221	17.6005081453
-1220	17.6005081453
-1219	17.6073830519
-1218	17.5955761471
-1217	17.5978179644
-1216	17.6028994171
-1215	17.5997608728
-1214	17.5861605141
-1213	17.5904946944
-1212	17.5948288746
-1211	17.595875056
-1210	17.5906441489
-1209	17.5765954267
-1208	17.5689732476
-1207	17.5821252429
-1206	17.5852637872
-1205	17.5739052459
-1204	17.5677776117
-1203	17.5688237932
-1202	17.5716634285
-1201	17.5716634285
-1200	17.56239725
-1199	17.5647885219
-1198	17.5641907039
-1197	17.5631445225
-1196	17.5588103423
-1195	17.5582125243
-1194	17.5517859812
-1193	17.5574652518
-1192	17.55507398
-1191	17.5734568824
-1190	17.5831714243
-1189	17.5860110596
-1188	17.6048423255
-1187	17.6093259602
-1186	17.6127634135
-1185	17.6151546854
-1184	17.612912868
-1183	17.6215812285
-1182	17.621132865
-1181	17.6166492303
-1180	17.6109699596
-1179	17.6191899567
-1178	17.6188910477
-1177	17.62995068
-1176	17.6426543118
-1175	17.6516215812
-1174	17.6595426693
-1173	17.6713495741
-1172	17.6885368405
-1171	17.697205201
-1170	17.7100582873
-1169	17.7169331938
-1168	17.7193244657
-1167	17.739201913
-1166	17.7529517262
-1165	17.7557913615
-1164	17.7623673591
-1163	17.7705873562
-1162	17.7904648035
-1161	17.8100433418
-1160	17.8193095203
-1159	17.8294724256
-1158	17.8338066059
-1157	17.8433716933
-1156	17.8506949634
-1155	17.8556269616
-1154	17.8559258706
-1153	17.8610073233
-1152	17.8647436855
-1151	17.8762516814
-1150	17.8710207742
-1149	17.8870124047
-1148	17.8941862203
-1147	17.8917949484
-1146	17.8923927664
-1145	17.9106262143
-1144	17.916604394
-1143	17.9121207592
-1142	17.9331938425
-1141	17.9502316545
-1140	17.9597967419
-1139	17.9736960096
-1138	17.9970109102
-1137	18.0183829024
-1136	18.0315348976
-1135	18.0461814378
-1134	18.0533552533
-1133	18.0715887012
-1132	18.0768196084
-1131	18.0850396054
-1130	18.0952025108
-1129	18.1085039605
-1128	18.1170228665
-1127	18.1380959498
-1126	18.1540875803
-1125	18.1651472127
-1124	18.1661933941
-1123	18.1732177552
-1122	18.1733672097
-1121	18.1898072037
-1120	18.1954864744
-1119	18.1975788372
-1118	18.1872664774
-1117	18.201763563
-1116	18.2050515618
-1115	18.210880287
-1114	18.2231355552
-1113	18.2253773726
-1112	18.2283664624
-1111	18.2400239127
-1110	18.2356897325
-1109	18.2433119115
-1108	18.2491406367
-1107	18.2521297265
-1106	18.2548199073
-1105	18.2609475415
-1104	18.2543715439
-1103	18.2471977283
-1102	18.235241369
-1101	18.242863548
-1100	18.2415184576
-1099	18.2376326409
-1098	18.2337468241
-1097	18.2312060977
-1096	18.2315050067
-1095	18.2244806456
-1094	18.2210431923
-1093	18.2161111941
-1092	18.2171573756
-1091	18.2089373786
-1090	18.1957853834
-1089	18.1896577492
-1088	18.1875653863
-1087	18.1866686594
-1086	18.1732177552
-1085	18.1745628456
-1084	18.1763562995
-1083	18.1700792109
-1082	18.1747123001
-1081	18.1815872067
-1080	18.1670901211
-1079	18.1621581229
-1078	18.1620086684
-1077	18.1632043043
-1076	18.1578239426
-1075	18.1484083097
-1074	18.1467643103
-1073	18.143027948
-1072	18.1496039456
-1071	18.1394410402
-1070	18.1357046779
-1069	18.1243461366
-1068	18.1218054103
-1067	18.1197130474
-1066	18.1079061426
-1065	18.101629054
-1064	18.0914661486
-1063	18.0817516066
-1062	18.0632192497
-1061	18.0490210731
-1060	18.0372141683
-1059	18.0388581677
-1058	18.0213719922
-1057	18.0104618144
-1056	17.9955163653
-1055	17.9811687341
-1054	17.9725003736
-1053	17.9493349275
-1052	17.9421611119
-1051	17.9355851143
-1050	17.9339411149
-1049	17.9276640263
-1048	17.9121207592
-1047	17.9021073083
-1046	17.9062920341
-1045	17.9128680317
-1044	17.9015094904
-1043	17.8965774922
-1042	17.8850694963
-1041	17.8783440442
-1040	17.8764011359
-1039	17.8820804065
-1038	17.8774473173
-1037	17.8792407712
-1036	17.8738604095
-1035	17.8690778658
-1034	17.8711702287
-1033	17.8687789568
-1032	17.8717680466
-1031	17.8726647736
-1030	17.8795396802
-1029	17.8868629502
-1028	17.8793902257
-1027	17.8865640412
-1026	17.8886564041
-1025	17.8874607682
-1024	17.8838738604
-1023	17.8873113137
-1022	17.8979225826
-1021	17.8877596772
-1020	17.8949334928
-1019	17.9025556718
-1018	17.8997160365
-1017	17.9047974892
-1016	17.9100283964
-1015	17.8979225826
-1014	17.891047676
-1013	17.8925422209
-1012	17.8947840383
-1011	17.8934389478
-1010	17.899865491
-1009	17.8970258556
-1008	17.9107756688
-1007	17.9291585712
-1006	17.9382752952
-1005	17.9388731131
-1004	17.940965476
-1003	17.9455985652
-1002	17.9467942012
-1001	17.9606934688
-1000	17.9621880137
-999	17.958003288
-998	17.9687640114
-997	17.9738454641
-996	17.9840083695
-995	17.982663279
-994	17.9868480048
-993	18.0022418174
-992	18.0013450904
-991	18.0137498132
-990	18.0222687192
-989	18.0375130773
-988	18.0532057988
-987	18.0529068899
-986	18.0606785234
-985	18.0777163354
-984	18.0789119713
-983	18.101031236
-982	18.1182185025
-981	18.1307726797
-980	18.1476610372
-979	18.1549843073
-978	18.1694813929
-977	18.1721715738
-976	18.1939919295
-975	18.2047526528
-974	18.2171573756
-973	18.2155133762
-972	18.2223882828
-971	18.218801375
-970	18.2259751906
-969	18.2312060977
-968	18.2451053654
-967	18.2564639067
-966	18.2699148109
-965	18.2752951726
-964	18.2884471678
-963	18.3032431625
-962	18.3169929756
-961	18.3111642505
-960	18.3149006128
-959	18.3240173367
-958	18.3268569721
-957	18.3334329697
-956	18.3373187864
-955	18.3398595128
-954	18.3343296966
-953	18.3400089673
-952	18.3453893289
-951	18.3491256912
-950	18.3546555074
-949	18.3449409655
-948	18.3468838739
-947	18.3391122403
-946	18.3326856972
-945	18.3386638768
-944	18.3452398745
-943	18.3412046032
-942	18.3455387834
-941	18.3501718727
-940	18.353011508
-939	18.353609326
-938	18.3594380511
-937	18.3554027799
-936	18.3664624122
-935	18.3443431475
-934	18.335375878
-933	18.319832611
-932	18.311612614
-931	18.3032431625
-930	18.2890449858
-929	18.2926318936
-928	18.2865042595
-927	18.2805260798
-926	18.2672246301
-925	18.2560155433
-924	18.2573606337
-923	18.2564639067
-922	18.2454042744
-921	18.2415184576
-920	18.2229861007
-919	18.2159617397
-918	18.1975788372
-917	18.1933941115
-916	18.1880137498
-915	18.1717232103
-914	18.1675384845
-913	18.1519952175
-912	18.1457181288
-911	18.1388432222
-910	18.1225526827
-909	18.1049170528
-908	18.0987894186
-907	18.0952025108
-906	18.0838439695
-905	18.0742788821
-904	18.066955612
-903	18.0524585264
-902	18.032879988
-901	18.0270512629
-900	18.0273501719
-899	18.0188312659
-898	18.0152443581
-897	18.007921088
-896	17.9977581826
-895	17.9820654611
-894	17.9666716485
-893	17.9562098341
-892	17.9532207443
-891	17.9358840233
-890	17.9206396652
-889	17.9130174862
-888	17.915408758
-887	17.9149603946
-886	17.90748767
-885	17.9106262143
-884	17.9064414886
-883	17.8892542221
-882	17.8837244059
-881	17.8719175011
-880	17.8683305933
-879	17.8687789568
-878	17.8662382305
-877	17.86489314
-876	17.8732625915
-875	17.8862651323
-874	17.8903004035
-873	17.8938873113
-872	17.8974742191
-871	17.8941862203
-870	17.8947840383
-869	17.8962785832
-868	17.9003138544
-867	17.8868629502
-866	17.8780451353
-865	17.8671349574
-864	17.873113137
-863	17.86489314
-862	17.8783440442
-861	17.8755044089
-860	17.8920938574
-859	17.8982214916
-858	17.907188761
-857	17.9215363922
-856	17.9284112988
-855	17.9291585712
-854	17.9346883874
-853	17.9408160215
-852	17.9472425646
-851	17.9433567479
-850	17.9421611119
-849	17.9514272904
-848	17.9618891048
-847	17.9754894635
-846	17.9834105515
-845	17.9877447317
-844	17.9946196383
-843	17.9967120012
-842	18.0115079958
-841	18.0242116276
-840	18.0349723509
-839	18.0526079809
-838	18.0772679719
-837	18.0966970557
-836	18.1235988641
-835	18.1327155881
-834	18.1446719474
-833	18.1754595726
-832	18.1842773875
-831	18.2046031983
-830	18.2262740995
-829	18.2534748169
-828	18.2757435361
-827	18.2915857122
-826	18.3032431625
-825	18.3256613361
-824	18.3482289643
-823	18.3709460469
-822	18.4059183978
-821	18.4289343895
-820	18.437004932
-819	18.4558361979
-818	18.4760125542
-817	18.5047078165
-816	18.5196532656
-815	18.5441638021
-814	18.5641907039
-813	18.5804812435
-812	18.6015543267
-811	18.6257659543
-810	18.6570019429
-809	18.6752353908
-808	18.7045284711
-807	18.730683007
-806	18.7550440891
-805	18.7783589897
-804	18.7858317142
-803	18.8028695262
-802	18.8131818861
-801	18.8339560604
-800	18.8468091466
-799	18.8678822299
-798	18.8908982215
-797	18.9152593035
-796	18.9288596622
-795	18.9479898371
-794	18.9754894635
-793	18.9986549096
-792	19.0310865342
-791	19.0557465252
-790	19.0730832462
-789	19.0795097893
-788	19.1014795995
-787	19.1159766851
-786	19.1313704977
-785	19.150650127
-784	19.1490061276
-783	19.1443730384
-782	19.1575250336
-781	19.1641010312
-780	19.1754595726
-779	19.1874159318
-778	19.1998206546
-777	19.2050515618
-776	19.2078911971
-775	19.2063966522
-774	19.2137199223
-773	19.2214915558
-772	19.2374831864
-771	19.2394260948
-770	19.2442086385
-769	19.2427140936
-768	19.2329995516
-767	19.2301599163
-766	19.2226871918
-765	19.2063966522
-764	19.200866836
-763	19.1756090271
-762	19.1687341205
-761	19.1605141234
-760	19.1464654013
-759	19.14243013
-758	19.1228515917
-757	19.1041697803
-756	19.0949036019
-755	19.0856374234
-754	19.0688985204
-753	19.0599312509
-752	19.0442385294
-751	19.0101629054
-750	18.9863996413
-749	18.9523240173
-748	18.9319982065
-747	18.9145120311
-746	18.9024062173
-745	18.8871618592
-744	18.8656404125
-743	18.8530862352
-742	18.8239426095
-741	18.8021222538
-740	18.7907637124
-739	18.7747720819
-738	18.7643102675
-737	18.7516066358
-736	18.7468240921
-735	18.7241070094
-734	18.6955612016
-733	18.664026304
-732	18.6396652219
-731	18.6229263189
-730	18.6034972351
-729	18.5866088776
-728	18.5677776117
-727	18.5567179794
-726	18.5351965327
-725	18.5218950829
-724	18.5066507249
-723	18.4972350919
-722	18.4851292781
-721	18.462262741
-720	18.4470183829
-719	18.4289343895
-718	18.4099536691
-717	18.39500822
-716	18.3876849499
-715	18.3669107757
-714	18.3474816918
-713	18.3319384247
-712	18.3154984307
-711	18.3213271559
-710	18.3235689732
-709	18.3156478852
-708	18.3044387984
-707	18.2845613511
-706	18.2670751756
-705	18.2569122702
-704	18.2498879091
-703	18.2382304588
-702	18.2328500971
-701	18.2183530115
-700	18.193842475
-699	18.1796442983
-698	18.1748617546
-697	18.1702286654
-696	18.1690330294
-695	18.1859213869
-694	18.1838290241
-693	18.18502466
-692	18.1951875654
-691	18.1918995666
-690	18.2001195636
-689	18.2019130175
-688	18.2063966522
-687	18.200866836
-686	18.2022119265
-685	18.218801375
-684	18.2262740995
-683	18.2280675534
-682	18.2252279181
-681	18.2250784636
-680	18.2282170079
-679	18.2385293678
-678	18.2579584517
-677	18.2699148109
-676	18.2941264385
-675	18.3081751607
-674	18.3347780601
-673	18.3389627858
-672	18.3560005978
-671	18.360633687
-670	18.3730384098
-669	18.3941114931
-668	18.4102525781
-667	18.4235540278
-666	18.4316245703
-665	18.4302794799
-664	18.4416380212
-663	18.454341653
-662	18.4721267374
-661	18.4882678224
-660	18.5126289045
-659	18.5420714392
-658	18.5710656105
-657	18.5777910626
-656	18.5996114183
-655	18.6163503213
-654	18.6188910477
-653	18.6351815872
-652	18.656105216
-651	18.67254521
-650	18.6856972052
-649	18.6997459274
-648	18.7209684651
-647	18.7427888208
-646	18.7607233597
-645	18.7840382603
-644	18.8060080705
-643	18.8182633388
-642	18.8551785981
-641	18.8707218652
-640	18.8959796742
-639	18.924824391
-638	18.9346883874
-637	18.9455985652
-636	18.9624869227
-635	18.991182185
-634	19.025855627
-633	19.0482738006
-632	19.0726348827
-631	19.0959497833
-630	19.1258406815
-629	19.1395904947
-628	19.1615603049
-627	19.1865192049
-626	19.2072933792
-625	19.2207442834
-624	19.2340457331
-623	19.2480944552
-622	19.252876999
-621	19.2708115379
-620	19.2848602601
-619	19.2917351666
-618	19.2966671648
-617	19.3132566134
-616	19.3308922433
-615	19.3426991481
-614	19.3518158721
-613	19.3580929607
-612	19.3637722314
-611	19.3746824092
-610	19.3797638619
-609	19.3887311314
-608	19.4057689434
-607	19.4138394859
-606	19.4169780302
-605	19.4165296667
-604	19.419668211
-603	19.4054700344
-602	19.4080107607
-601	19.39500822
-600	19.3923180392
-599	19.3793154984
-598	19.377970408
-597	19.3669107757
-596	19.3586907787
-595	19.3476311463
-594	19.3304438798
-593	19.3234195188
-592	19.3172918846
-591	19.2981617098
-590	19.2890449858
-589	19.2824689882
-588	19.2758929906
-587	19.2596024511
-586	19.2413690031
-585	19.2238828277
-584	19.2243311912
-583	19.1981766552
-582	19.1854730235
-581	19.1750112091
-580	19.1558810342
-579	19.1361530414
-578	19.1222537737
-577	19.1108952324
-576	19.0950530563
-575	19.084591242
-574	19.0552981617
-573	19.0333283515
-572	19.017037812
-571	18.9967120012
-570	18.9828127335
-569	18.9578538335
-568	18.940367658
-567	18.9076371245
-566	18.8708713197
-565	18.8474069646
-564	18.8270811538
-563	18.7956957107
-562	18.7659542669
-561	18.7466746376
-560	18.7284411897
-559	18.7045284711
-558	18.6735913914
-557	18.638469586
-556	18.6206845016
-555	18.6067852339
-554	18.5773426991
-553	18.5607532506
-552	18.5331041698
-551	18.5084441787
-550	18.4833358242
-549	18.4679420117
-548	18.4482140188
-547	18.4329696607
-546	18.4159318488
-545	18.4012853086
-544	18.3784187715
-543	18.3516664176
-542	18.3302944253
-541	18.3216260649
-540	18.3123598864
-539	18.2926318936
-538	18.268121357
-537	18.2594529966
-536	18.2463010013
-535	18.2229861007
-534	18.2129726498
-533	18.2007173816
-532	18.1904050217
-531	18.1800926618
-530	18.1774024809
-529	18.1784486624
-528	18.185622478
-527	18.1750112091
-526	18.1778508444
-525	18.1883126588
-524	18.1910028396
-523	18.1863697504
-522	18.1947392019
-521	18.1986250187
-520	18.2026602899
-519	18.2031086534
-518	18.2122253774
-517	18.217904648
-516	18.2167090121
-515	18.2120759229
-514	18.218203557
-513	18.2098341055
-512	18.2222388283
-511	18.235241369
-510	18.2585562696
-509	18.2619937229
-508	18.2788820804
-507	18.2914362577
-506	18.2960693469
-505	18.3159467942
-504	18.3361231505
-503	18.3501718727
-502	18.3651173218
-501	18.386489314
-500	18.4077118517
-499	18.4077118517
-498	18.4198176655
-497	18.4356598416
-496	18.4480645643
-495	18.4691376476
-494	18.495740547
-493	18.5287699895
-492	18.5597070692
-491	18.5848154237
-490	18.612613959
-489	18.6420564938
-488	18.6596921237
-487	18.6837542968
-486	18.7091615603
-485	18.7384546406
-484	18.7758182633
-483	18.7961440741
-482	18.8025706172
-481	18.8296218801
-480	18.8451651472
-479	18.8801374981
-478	18.9125691227
-477	18.958601106
-476	18.9846061874
-475	19.0143476311
-474	19.0394559857
-473	19.0778657899
-472	19.1035719623
-471	19.1349574055
-470	19.1599163055
-469	19.1826333881
-468	19.192945748
-467	19.2095351965
-466	19.2404722762
-465	19.2754446271
-464	19.3056344343
-463	19.32013152
-462	19.3546555074
-461	19.3793154984
-460	19.4099536691
-459	19.4368554775
-458	19.4597220146
-457	19.4673441937
-456	19.4776565536
-455	19.4905096398
-454	19.521297265
-453	19.5347481692
-452	19.5493947093
-451	19.5613510686
-450	19.5764459722
-449	19.5943805111
-448	19.6136601405
-447	19.6330892243
-446	19.6399641309
-445	19.6535644896
-444	19.6602899417
-443	19.6865939321
-442	19.7112539232
-441	19.7146913765
-440	19.7321775519
-439	19.7269466447
-438	19.7123001046
-437	19.7067702884
-436	19.7152891944
-435	19.7193244657
-434	19.7261993723
-433	19.7344193693
-432	19.7181288298
-431	19.7034822896
-430	19.6910775669
-429	19.6831564789
-428	19.6840532058
-427	19.6714990285
-426	19.6800179345
-425	19.6709012106
-424	19.6595426693
-423	19.647885219
-422	19.639067404
-421	19.621132865
-420	19.5996114183
-419	19.5745030638
-418	19.5619488866
-417	19.5555223434
-416	19.5313107159
-415	19.5205499925
-414	19.4997758183
-413	19.4740696458
-412	19.4440292931
-411	19.4099536691
-410	19.3941114931
-409	19.3839485877
-408	19.3690031385
-407	19.3480795098
-406	19.3162457032
-405	19.2917351666
-404	19.2471977283
-403	19.2135704678
-402	19.1772530265
-401	19.1431774025
-400	19.1037214168
-399	19.0790614258
-398	19.0472276192
-397	19.0203258108
-396	18.9937229114
-395	18.9701091018
-394	18.9343894784
-393	18.9019578538
-392	18.8639964131
-391	18.8275295173
-390	18.8100433418
-389	18.772679719
-388	18.7487670004
-387	18.7058735615
-386	18.6794201166
-385	18.6525183082
-384	18.6293528621
-383	18.5991630548
-382	18.5704677926
-381	18.5395307129
-380	18.5263787177
-379	18.4996263638
-378	18.4731729188
-377	18.4552383799
-376	18.4254969362
-375	18.3997907637
-374	18.3760274996
-373	18.3598864146
-372	18.3488267822
-371	18.328052608
-370	18.2941264385
-369	18.2669257211
-368	18.2512329996
-367	18.2353908235
-366	18.2223882828
-365	18.226722463
-364	18.2158122852
-363	18.1981766552
-362	18.1889104768
-361	18.1691824839
-360	18.1479599462
-359	18.1437752204
-358	18.1386937677
-357	18.1358541324
-356	18.1316694067
-355	18.1194141384
-354	18.1204603198
-353	18.1116425049
-352	18.1116425049
-351	18.1108952324
-350	18.1159766851
-349	18.1144821402
-348	18.1343595875
-347	18.1401883127
-346	18.1525930354
-345	18.1687341205
-344	18.1672395755
-343	18.1772530265
-342	18.185323569
-341	18.2046031983
-340	18.2274697355
-339	18.2504857271
-338	18.2712599014
-337	18.2906889852
-336	18.3053355253
-335	18.3264086086
-334	18.3459871469
-333	18.3742340457
-332	18.3991929457
-331	18.4358092961
-330	18.4664474667
-329	18.5027649081
-328	18.5356448961
-327	18.5644896129
-326	18.6030488716
-325	18.6350321327
-324	18.664325213
-323	18.7055746525
-322	18.7436855478
-321	18.7980869825
-320	18.831116425
-319	18.8753549544
-318	18.9176505754
-317	18.9527723808
-316	18.9902854581
-315	19.0234643551
-314	19.0674039755
-313	19.1067105067
-312	19.150650127
-311	19.2037064714
-310	19.2542220894
-309	19.2924824391
-308	19.3350769691
-307	19.3669107757
-306	19.4030787625
-305	19.4438798386
-304	19.4852787326
-303	19.5172619937
-302	19.5640412494
-301	19.6045434165
-300	19.6498281273
-299	19.6836048423
-298	19.7267971903
-297	19.7756688088
-296	19.8190106113
-295	19.8728142281
-294	19.9191451203
-293	19.9674189209
-292	20.0061276341
-291	20.0551487072
-290	20.0893737857
-289	20.1225526827
-288	20.1563293977
-287	20.2046031983
-286	20.2389777313
-285	20.2708115379
-284	20.3014497086
-283	20.3338813331
-282	20.3624271409
-281	20.3837991332
-280	20.403228217
-279	20.4181736661
-278	20.4474667464
-277	20.4673441937
-276	20.4773576446
-275	20.48752055
-274	20.4927514572
-273	20.5006725452
-272	20.5047078165
-271	20.5112838141
-270	20.5235390823
-269	20.5299656255
-268	20.5351965327
-267	20.5293678075
-266	20.5316096249
-265	20.5334030788
-264	20.5335525333
-263	20.5347481692
-262	20.5242863548
-261	20.5290688985
-260	20.5251830818
-259	20.5177103572
-258	20.4940965476
-257	20.470183829
-256	20.4495591093
-255	20.4145867583
-254	20.3849947691
-253	20.3594380511
-252	20.3313406068
-251	20.293678075
-250	20.2501868181
-249	20.2090868331
-248	20.1648483037
-247	20.1291286803
-246	20.0896726947
-245	20.041996712
-244	20.0035869078
-243	19.9587505605
-242	19.9091316694
-241	19.8593633239
-240	19.8125840682
-239	19.7516066358
-238	19.6870422956
-237	19.6266626812
-236	19.571812883
-235	19.5053056344
-234	19.4352114781
-233	19.3657151397
-232	19.3060827978
-231	19.2289642804
-230	19.1678373935
-229	19.0856374234
-228	18.9956658198
-227	18.9112240323
-226	18.8387386041
-225	18.756837543
-224	18.6655208489
-223	18.5830219698
-222	18.5057539979
-221	18.4189209386
-220	18.3307427888
-219	18.2452548199
-218	18.1479599462
-217	18.0668061575
-216	17.9863996413
-215	17.916305485
-214	17.8233447915
-213	17.7279928262
-212	17.6502764908
-211	17.5701688836
-210	17.4825885518
-209	17.4023314901
-208	17.3153489762
-207	17.2307577343
-206	17.1496039456
-205	17.059333433
-204	16.9781796443
-203	16.8938873113
-202	16.8034673442
-201	16.7229113735
-200	16.6377223136
-199	16.5438648931
-198	16.470482738
-197	16.3848453146
-196	16.2914362577
-195	16.2081901061
-194	16.1234494097
-193	16.0354207144
-192	15.9515767449
-191	15.8647436855
-190	15.7794051711
-189	15.6976535645
-188	15.5948288746
-187	15.4988790913
-186	15.3988940368
-185	15.3207293379
-184	15.2455537289
-183	15.1615603049
-182	15.0811537887
-181	14.9953669108
-180	14.9036018532
-179	14.8196084292
-178	14.7532506352
-177	14.6706023016
-176	14.5906441489
-175	14.5060529069
-174	14.4266925721
-173	14.3473322373
-172	14.2735017187
-171	14.1999701091
-170	14.1316694067
-169	14.058735615
-168	13.9881930952
-167	13.9064414886
-166	13.8388880586
-165	13.7664026304
-164	13.6927215663
-163	13.6274099537
-162	13.5617994321
-161	13.4990285458
-160	13.4379016589
-159	13.3733373188
-158	13.3219249738
-157	13.260499178
-156	13.2005679271
-155	13.1443730384
-154	13.0895232402
-153	13.0282468988
-152	12.9722014647
-151	12.9290091167
-150	12.8761022269
-149	12.8058586161
-148	12.7581826334
-147	12.7199222837
-146	12.6703033926
-145	12.6311463159
-144	12.596771783
-143	12.5431176207
-142	12.4952921835
-141	12.4510536542
-140	12.4138394859
-139	12.3754296817
-138	12.3398595128
-137	12.3087729786
-136	12.2679719026
-135	12.2268719175
-134	12.1947392019
-133	12.1641010312
-132	12.143027948
-131	12.1032730534
-130	12.0745777911
-129	12.0509639815
-128	12.0321327156
-127	12.0118069048
-126	11.9961141832
-125	11.957704379
-124	11.9281123898
-123	11.8964280377
-122	11.8683305933
-121	11.8469586011
-120	11.8230458825
-119	11.8086982514
-118	11.7952473472
-117	11.781198625
-116	11.7652069945
-115	11.7678971753
-114	11.7628157226
-113	11.7692422657
-112	11.7665520849
-111	11.7557913615
-110	11.7692422657
-109	11.7928560753
-108	11.7668509939
-107	11.7457779106
-106	11.7522044537
-105	11.7137946495
-104	11.6901808399
-103	11.6948139292
-102	11.6942161112
-101	11.6973546555
-100	11.6994470184
-99	11.7185771932
-98	11.7269466447
-97	11.7297862801
-96	11.7406964579
-95	11.7580331789
-94	11.7873262592
-93	11.8139291586
-92	11.840233149
-91	11.8699745927
-90	11.8944851293
-89	11.9269167538
-88	11.9618891048
-87	12.0013450904
-86	12.0327305336
-85	12.0684501569
-84	12.1058137797
-83	12.1475115827
-82	12.193244657
-81	12.2442086385
-80	12.2969660738
-79	12.3422507846
-78	12.3784187715
-77	12.428486026
-76	12.4884172769
-75	12.5404274398
-74	12.587953968
-73	12.6450455836
-72	12.7117022867
-71	12.764459722
-70	12.8387386041
-69	12.9040502167
-68	12.9699596473
-67	13.0555970707
-66	13.1358541324
-65	13.2040053804
-64	13.2832162606
-63	13.3751307727
-62	13.4665969212
-61	13.5746525183
-60	13.6812135705
-59	13.7590793603
-58	13.873113137
-57	13.9890898221
-56	14.091615603
-55	14.210880287
-54	14.3259602451
-53	14.4326707518
-52	14.5646390674
-51	14.6984008369
-50	14.840532058
-49	14.9711552832
-48	15.1264384995
-47	15.2682708115
-46	15.411149305
-45	15.5592587057
-44	15.7079659244
-43	15.8790913167
-42	16.0481243461
-41	16.2243311912
-40	16.3799133164
-39	16.5368405321
-38	16.6954117471
-37	16.8592138694
-36	17.0283963533
-35	17.2282170079
-34	17.4335674787
-33	17.6109699596
-32	17.8252876999
-31	18.0367658048
-30	18.2204453744
-29	18.4072634883
-28	18.5997608728
-27	18.773875355
-26	18.9473920191
-25	19.1288297713
-24	19.3131071589
-23	19.4967867284
-22	19.6776266627
-21	19.8674338664
-20	20.0303392617
-19	20.1992228366
-18	20.3736362278
-17	20.5226423554
-16	20.6709012106
-15	20.8350022418
-14	20.9872963683
-13	21.1475115827
-12	21.3096697056
-11	21.4682409206
-10	21.6164997758
-9	21.7683455388
-8	21.9010611269
-7	22.0294425347
-6	22.1709759378
-5	22.2921835301
-4	22.4121954865
-3	22.5359438051
-2	22.6362277686
-1	22.7463757286
0	22.8494993275
1	22.9312509341
2	23.0194290838
3	23.1050665072
4	23.1757584815
5	23.2545209984
6	23.3002540726
7	23.3435958751
8	23.3929158571
9	23.4331191152
10	23.461664923
11	23.4890150949
12	23.5054550889
13	23.5085936332
14	23.5281721716
15	23.5305634434
16	23.5147212674
17	23.5088925422
18	23.4936481841
19	23.4731729188
20	23.4686892841
21	23.4618143775
22	23.4274398446
23	23.3918696757
24	23.3462860559
25	23.2720071738
26	23.2256762816
27	23.1751606636
28	23.1037214168
29	23.0378119863
30	22.9529218353
31	22.8509938724
32	22.7502615454
33	22.6717979375
34	22.5936332387
35	22.5585114333
36	22.5617994321
37	22.4054700344
38	22.3539082349
39	22.3184875205
40	22.1497534001
41	22.0322821701
42	21.9000149454
43	21.7649080855
44	21.6398146764
45	21.5241369003
46	21.4012853086
47	21.2748468091
48	21.1410850396
49	21.0177850844
50	20.8850694963
51	20.7687939023
52	20.6266626812
53	20.5078463608
54	20.3979973098
55	20.2718577193
56	20.1621581229
57	20.0564937976
58	19.9384247497
59	19.8151247945
60	19.7048273801
61	19.5854132417
62	19.4550889254
63	19.35241369
64	19.2422657301
65	19.1379464953
66	19.0476759827
67	18.9473920191
68	18.8453146017
69	18.7451800927
70	18.6425048573
71	18.5473023464
72	18.4577791063
73	18.3731878643
74	18.2917351666
75	18.2256762816
76	18.1331639516
77	18.0529068899
78	17.9949185473
79	17.9303542071
80	17.8644447766
81	17.8151247945
82	17.7572859064
83	17.6997459274
84	17.6780750262
85	17.6290539531
86	17.597070692
87	17.563592886
88	17.5320579883
89	17.5014198177
90	17.4911074578
91	17.4615154685
92	17.4260947541
93	17.4217605739
94	17.3897773128
95	17.3716933194
96	17.3733373188
97	17.3790165894
98	17.3772231356
99	17.3888805859
100	17.3938125841
101	17.4042743984
102	17.4237034823
103	17.446121656
104	17.4852787326
105	17.5342998057
106	17.5647885219
107	17.5789866986
108	17.5673292482
109	17.4887161859
110	17.5644896129
111	17.5849648782
112	17.546555074
113	17.6444477657
114	17.7039306531
115	17.7710357196
116	17.8505455089
117	17.9361829323
118	17.9943207293
119	18.0660588851
120	18.1499028546
121	18.2329995516
122	18.2984606187
123	18.4018831266
124	18.4770587356
125	18.546555074
126	18.6454939471
127	18.721865192
128	18.7865789867
129	18.881930952
130	18.974443282
131	19.0567927066
132	19.18502466
133	19.2859064415
134	19.3760274996
135	19.5084441787
136	19.6054401435
137	19.6945150202
138	19.8079509789
139	19.8970258556
140	19.9846061874
141	20.1116425049
142	20.2078911971
143	20.3033926169
144	20.4257958452
145	20.511881632
146	20.6084292333
147	20.7140935585
148	20.798834255
149	20.9000149454
150	21.0263039904
151	21.1153788671
152	21.2119264684
153	21.3244657002
154	21.4050216709
155	21.4952921835
156	21.6069346884
157	21.680466298
158	21.7584815424
159	21.8521895083
160	21.9216858467
161	21.9878941862
162	22.091615603
163	22.1437752204
164	22.192945748
165	22.2836646241
166	22.3153489762
167	22.3637722314
168	22.4295322074
169	22.4685398296
170	22.4879689135
171	22.5583619788
172	22.5652368854
173	22.5765954267
174	22.6133612315
175	22.6082797788
176	22.5994619638
177	22.6087281423
178	22.5728590644
179	22.5595576147
180	22.5649379764
181	22.5484979824
182	22.5359438051
183	22.5248841728
184	22.4797489165
185	22.4565834703
186	22.4374532955
187	22.3993424002
188	22.3649678673
189	22.3119115229
190	22.2376326409
191	22.168285757
192	22.1231505007
193	22.050814527
194	21.9632341952
195	21.9022567628
196	21.8160215214
197	21.72246301
198	21.6614855776
199	21.5638917949
200	21.4621132865
201	21.3893289493
202	21.2842624421
203	21.1736661187
204	21.0804065162
205	20.9458974742
206	20.81497534
207	20.7033328352
208	20.5619488866
209	20.4322223883
210	20.3156478852
211	20.1901061127
212	20.0706919743
213	19.9651771036
214	19.8429233298
215	19.7399491855
216	19.6335375878
217	19.495441638
218	19.3833507697
219	19.2624420864
220	19.1409355851
221	19.0179345389
222	18.9082349425
223	18.7744731729
224	18.6408608579
225	18.5357943506
226	18.419668211
227	18.3081751607
228	18.2053504708
229	18.0868330593
230	17.9760872814
231	17.890748767
232	17.7638619041
233	17.6764310268
234	17.5903452399
235	17.4809445524
236	17.3840980421
237	17.3214766104
238	17.2226871918
239	17.1463159468
240	17.0771185174
241	17.0044836347
242	16.915707667
243	16.8710207742
244	16.7840382603
245	16.7359139142
246	16.6865939321
247	16.621132865
248	16.5752503363
249	16.5359438051
250	16.479300553
251	16.4525481991
252	16.4257958452
253	16.3908234942
254	16.3592885966
255	16.3434464206
256	16.311014796
257	16.2847108056
258	16.2808249888
259	16.2660289942
260	16.2448064564
261	16.251382454
262	16.2572111792
263	16.2639366313
264	16.2827678972
265	16.2894933493
266	16.2998057092
267	16.3258107906
268	16.3371693319
269	16.3379166044
270	16.3787176805
271	16.3908234942
272	16.4172769392
273	16.4682409206
274	16.5009714542
275	16.5453594381
276	16.6156030489
277	16.655806307
278	16.7039306531
279	16.7895680765
280	16.8650425945
281	16.9169033029
282	17.0013450904
283	17.0771185174
284	17.125691227
285	17.2037064714
286	17.2593035421
287	17.3111642505
288	17.3899267673
289	17.4586758332
290	17.5425198027
291	17.6311463159
292	17.7123001046
293	17.7788073532
294	17.8898520401
295	17.966223285
296	18.041697803
297	18.1558810342
298	18.2391271858
299	18.3074278882
300	18.4078613062
301	18.4864743686
302	18.5617994321
303	18.6564041249
304	18.7152891944
305	18.7970408011
306	18.8920938574
307	18.9726498281
308	19.0388581677
309	19.1418323121
310	19.2034075624
311	19.2718577193
312	19.3551038709
313	19.4136900314
314	19.4662980123
315	19.5665819758
316	19.6263637722
317	19.6876401136
318	19.7699895382
319	19.8417276939
320	19.8898520401
321	19.9636825587
322	20.0322821701
323	20.0816021521
324	20.1561799432
325	20.193842475
326	20.234643551
327	20.2999551637
328	20.3273053355
329	20.3712449559
330	20.4271409356
331	20.4453743835
332	20.4692871021
333	20.5157674488
334	20.5150201764
335	20.5328052608
336	20.5600059782
337	20.5685248842
338	20.5646390674
339	20.5743536093
340	20.5807801524
341	20.588551786
342	20.6045434165
343	20.5827230608
344	20.5686743387
345	20.5659841578
346	20.545658347
347	20.5236885368
348	20.5108354506
349	20.4664474667
350	20.4323718428
351	20.4109998505
352	20.3432969661
353	20.2782842624
354	20.2533253624
355	20.1914512031
356	20.1234494097
357	20.0832461515
358	20.0224181737
359	19.9678672844
360	19.9305036616
361	19.8533851442
362	19.7871768047
363	19.7211179196
364	19.6290539531
365	19.5417725303
366	19.4737707368
367	19.3721416829
368	19.2827678972
369	19.2135704678
370	19.1082050516
371	19.0141981767
372	18.9400687491
373	18.8511433269
374	18.7601255418
375	18.6765804812
376	18.5812285159
377	18.5005230907
378	18.4250485727
379	18.3132566134
380	18.2207442834
381	18.1369003139
382	18.0376625318
383	17.9623374682
384	17.8971753101
385	17.8063069795
386	17.7285906441
387	17.6656703034
388	17.5646390674
389	17.4745180093
390	17.403826035
391	17.3081751607
392	17.2180541025
393	17.1579733971
394	17.0742788821
395	16.9861007323
396	16.9275145718
397	16.8276789718
398	16.7601255418
399	16.7028844717
400	16.6151546854
401	16.5413241668
402	16.4739201913
403	16.4030787625
404	16.3494246002
405	16.2953220744
406	16.2404722762
407	16.1920490211
408	16.1482588552
409	16.1083545061
410	16.0645643402
411	16.0424450755
412	15.9955163653
413	15.967120012
414	15.9435062024
415	15.9118218502
416	15.8871618592
417	15.8898520401
418	15.8656404125
419	15.8477058736
420	15.8477058736
421	15.8435211478
422	15.8356000598
423	15.8465102376
424	15.8494993275
425	15.8614556867
426	15.8843222239
427	15.8873113137
428	15.8968764011
429	15.9297563892
430	15.9482887461
431	15.9648781946
432	16.0046330892
433	16.0149454491
434	16.0475265282
435	16.084292333
436	16.1209086833
437	16.1643999402
438	16.2243311912
439	16.2788820804
440	16.3415035122
441	16.4089074877
442	16.4633089224
443	16.5196532656
444	16.5931848752
445	16.6372739501
446	16.6922732028
447	16.7713346286
448	16.8466596921
449	16.9088327604
450	17.0035869078
451	17.0777163354
452	17.1461664923
453	17.2199970109
454	17.2848602601
455	17.3537587805
456	17.4307278434
457	17.4745180093
458	17.5495441638
459	17.6366761321
460	17.6964579286
461	17.7699895382
462	17.8722164101
463	17.9451502018
464	18.0059781796
465	18.0877297863
466	18.1482588552
467	18.2232850097
468	18.3159467942
469	18.3833507697
470	18.4486623823
471	18.5431176207
472	18.5987146914
473	18.6655208489
474	18.7578837244
475	18.8288746077
476	18.8858167688
477	18.9627858317
478	19.0458825288
479	19.0995366911
480	19.1942908384
481	19.2596024511
482	19.294873711
483	19.3682558661
484	19.41996712
485	19.4754147362
486	19.5357943506
487	19.5674787027
488	19.6063368704
489	19.664026304
490	19.6873412046
491	19.7214168286
492	19.7767149903
493	19.8054102526
494	19.8245404274
495	19.8557764161
496	19.8683305933
497	19.8771484083
498	19.9124196682
499	19.9194440293
500	19.9309520251
501	19.9539680167
502	19.9553131072
503	19.9509789269
504	19.9547152892
505	19.9354356598
506	19.9264683904
507	19.9269167538
508	19.9062920341
509	19.8768494993
510	19.8753549544
511	19.8589149604
512	19.823793155
513	19.7882229861
514	19.7614706322
515	19.7199222837
516	19.7037811986
517	19.656105216
518	19.6247197728
519	19.5922881483
520	19.5368405321
521	19.4836347332
522	19.4428336572
523	19.3684053206
524	19.301898072
525	19.2591540876
526	19.1895082947
527	19.1337617695
528	19.0769690629
529	19.0025407263
530	18.9467942012
531	18.882229861
532	18.8018233448
533	18.7242564639
534	18.6586459423
535	18.5701688836
536	18.4933492751
537	18.4362576595
538	18.3567478703
539	18.2803766253
540	18.2123748319
541	18.1240472276
542	18.0473770737
543	17.9840083695
544	17.8798385891
545	17.7992826184
546	17.7380062771
547	17.647287401
548	17.5647885219
549	17.5085936332
550	17.41996712
551	17.3317889703
552	17.2679719026
553	17.1718726648
554	17.0934090569
555	17.0408010761
556	16.9482887461
557	16.8711702287
558	16.8173666119
559	16.7387535495
560	16.6764310268
561	16.6094754147
562	16.5452099836
563	16.4683903751
564	16.41996712
565	16.3352264236
566	16.2735017187
567	16.217904648
568	16.1522941264
569	16.1008817815
570	16.0694963384
571	16.0125541773
572	15.9689134658
573	15.9325960245
574	15.8771484083
575	15.8354506053
576	15.8128829771
577	15.7768644448
578	15.7507099088
579	15.7430877298
580	15.706620834
581	15.6837542968
582	15.6828575699
583	15.6528172172
584	15.62262741
585	15.6238230459
586	15.6066357794
587	15.5866088776
588	15.5898968764
589	15.5703183381
590	15.562696159
591	15.5674787027
592	15.555372889
593	15.5441638021
594	15.5453594381
595	15.5438648931
596	15.5523837991
597	15.5825736063
598	15.5907936033
599	15.6103721417
600	15.6534150351
601	15.6691077567
602	15.6873412046
603	15.7314302795
604	15.7403975489
605	15.765356449
606	15.8161709759
607	15.8418771484
608	15.8874607682
609	15.9421611119
610	15.9868480048
611	16.0254072635
612	16.0955014198
613	16.1416828576
614	16.1777013899
615	16.2374831864
616	16.2935286205
617	16.3497235092
618	16.420863847
619	16.4646540129
620	16.5227918099
621	16.6020026902
622	16.6306979525
623	16.6864444777
624	16.7493648184
625	16.806456434
626	16.8638469586
627	16.9233298461
628	16.9750411
629	17.0303392617
630	17.0995366911
631	17.1415334031
632	17.1954864744
633	17.2649828127
634	17.3428486026
635	17.3962038559
636	17.4873710955
637	17.5428187117
638	17.6108205052
639	17.6712001196
640	17.7359139142
641	17.8054102526
642	17.8781945897
643	17.9224331191
644	17.9648781946
645	18.0346734419
646	18.0753250635
647	18.126886863
648	18.2031086534
649	18.2436108205
650	18.2845613511
651	18.3329846062
652	18.3467344194
653	18.3715438649
654	18.4257958452
655	18.4503063817
656	18.4754147362
657	18.5265281722
658	18.5496936183
659	18.5733074279
660	18.6111194141
661	18.613211777
662	18.6239725004
663	18.6504259453
664	18.6622328501
665	18.6768793902
666	18.7123001046
667	18.7329248244
668	18.7444328202
669	18.7635629951
670	18.7634135406
671	18.765356449
672	18.781796443
673	18.7551935436
674	18.7510088178
675	18.7631146316
676	18.7532506352
677	18.748318637
678	18.748019728
679	18.7297862801
680	18.7173815573
681	18.7070691974
682	18.6853982962
683	18.6580481243
684	18.6508743088
685	18.6142579585
686	18.5854132417
687	18.5792856075
688	18.5257808997
689	18.4887161859
690	18.4592736512
691	18.4177253026
692	18.3760274996
693	18.3495740547
694	18.2832162606
695	18.2587057241
696	18.2291137349
697	18.1757584815
698	18.1261395905
699	18.0956508743
700	18.0544014348
701	18.0147959946
702	17.9745927365
703	17.9186967568
704	17.8675833209
705	17.8260349724
706	17.7675982663
707	17.7040801076
708	17.6508743088
709	17.5869077866
710	17.5271259901
711	17.4725751009
712	17.4266925721
713	17.3728889553
714	17.3256613361
715	17.2676729936
716	17.200866836
717	17.1654461217
718	17.1023763264
719	17.0464803467
720	17.0095650874
721	16.9306531161
722	16.8786429532
723	16.8509938724
724	16.7925571663
725	16.7604244508
726	16.7360633687
727	16.681363025
728	16.6284561351
729	16.5909430578
730	16.5308623524
731	16.4864743686
732	16.4582274697
733	16.4056194889
734	16.3754296817
735	16.3388133313
736	16.2960693469
737	16.2582573606
738	16.2416679121
739	16.2016141085
740	16.1660439396
741	16.1330144971
742	16.0880286953
743	16.0557465252
744	16.034075624
745	15.9979076371
746	15.9940218204
747	15.9896876401
748	15.9535196533
749	15.9127185772
750	15.8980720371
751	15.873412046
752	15.8533851442
753	15.8625018682
754	15.8341055149
755	15.8214018831
756	15.8254371544
757	15.8086982514
758	15.8039157077
759	15.7947989837
760	15.7782095352
761	15.7832909879
762	15.7909131669
763	15.8028695262
764	15.7947989837
765	15.8110895232
766	15.8079509789
767	15.8300702436
768	15.8554775071
769	15.8666865939
770	15.8971753101
771	15.9322971155
772	15.9467942012
773	15.9606934688
774	15.9968614557
775	16.0206247198
776	16.0475265282
777	16.0952025108
778	16.1267374085
779	16.1703781199
780	16.2092362876
781	16.2335973696
782	16.2552682708
783	16.302794799
784	16.3458376924
785	16.3823045883
786	16.4160813032
787	16.4506052907
788	16.4815423703
789	16.5251830818
790	16.5531310716
791	16.5855626962
792	16.6437004932
793	16.6750859363
794	16.7172321028
795	16.7686444478
796	16.7868778957
797	16.8297713346
798	16.8790913167
799	16.9098789419
800	16.9396203856
801	17.0022418174
802	17.0572410701
803	17.1076072336
804	17.1552832163
805	17.202062472
806	17.2379315498
807	17.2871020774
808	17.3334329697
809	17.3731878643
810	17.4355103871
811	17.4642056494
812	17.496637274
813	17.5387834404
814	17.5707667015
815	17.6048423255
816	17.637871768
817	17.6753848453
818	17.6922732028
819	17.7208190106
820	17.7481691825
821	17.7930055298
822	17.8457629652
823	17.8789418622
824	17.9047974892
825	17.9373785682
826	17.9563592886
827	17.9866985503
828	18.008518906
829	18.0097145419
830	18.0230159916
831	18.0372141683
832	18.0606785234
833	18.0841428785
834	18.1046181438
835	18.1065610522
836	18.0941563294
837	18.1192646839
838	18.1319683156
839	18.1367508594
840	18.1467643103
841	18.142729039
842	18.1273352264
843	18.1295770438
844	18.1116425049
845	18.0963981468
846	18.0992377821
847	18.0703930653
848	18.0541025258
849	18.0481243461
850	18.0203258108
851	17.9950680018
852	17.9849050964
853	17.9654760126
854	17.9650276491
855	17.9526229263
856	17.9209385742
857	17.890150949
858	17.8620535047
859	17.832312061
860	17.8063069795
861	17.7945000747
862	17.7788073532
863	17.7411448214
864	17.722164101
865	17.6927215663
866	17.6584964878
867	17.647287401
868	17.612613959
869	17.5963234195
870	17.5767448812
871	17.5359438051
872	17.4996263638
873	17.4813929159
874	17.4470183829
875	17.395606038
876	17.3515169631
877	17.3205798834
878	17.2688686295
879	17.2566133612
880	17.2193991929
881	17.176206845
882	17.1524435809
883	17.1035719623
884	17.0641159767
885	17.0469287102
886	17.0112090868
887	16.9847556419
888	16.9820654611
889	16.9593483784
890	16.9201913017
891	16.9112240323
892	16.8826782245
893	16.8441189658
894	16.8166193394
895	16.7773128082
896	16.747123001
897	16.7362128232
898	16.7106561052
899	16.6686593932
900	16.6428037663
901	16.6023015992
902	16.5833208788
903	16.56239725
904	16.5455088925
905	16.5120310865
906	16.4996263638
907	16.4739201913
908	16.4570318338
909	16.4592736512
910	16.4313256613
911	16.4089074877
912	16.4045733074
913	16.3866387685
914	16.3670602302
915	16.3704976835
916	16.3570467793
917	16.3480795098
918	16.3528620535
919	16.3421013301
920	16.3482289643
921	16.3580929607
922	16.3616798685
923	16.3681064116
924	16.3829024062
925	16.3721416829
926	16.3781198625
927	16.378269317
928	16.3906740398
929	16.3962038559
930	16.4223583919
931	16.4265431176
932	16.4332685697
933	16.4395456583
934	16.4515020176
935	16.4525481991
936	16.4833358242
937	16.4955910925
938	16.4920041847
939	16.5139739949
940	16.5111343596
941	16.5163652668
942	16.5272754446
943	16.5329547153
944	16.5425198027
945	16.5683754297
946	16.5828725153
947	16.5854132417
948	16.6229263189
949	16.6389179495
950	16.6598415782
951	16.7045284711
952	16.7125990136
953	16.7284411897
954	16.7713346286
955	16.7859811687
956	16.8060080705
957	16.8406815125
958	16.8556269616
959	16.8771484083
960	16.8977731281
961	16.8941862203
962	16.9107756688
963	16.9447018383
964	16.9696607383
965	16.9892392766
966	17.016439994
967	17.0424450755
968	17.0548497982
969	17.0863846959
970	17.100732327
971	17.1194141384
972	17.1490061276
973	17.1599163055
974	17.1898072037
975	17.2210431923
976	17.2491406367
977	17.2652817217
978	17.3062322523
979	17.3163951577
980	17.3374682409
981	17.3784187715
982	17.3954565835
983	17.4133911224
984	17.4307278434
985	17.4347631146
986	17.4450754745
987	17.4781049171
988	17.4882678224
989	17.4860260051
990	17.51247945
991	17.5175609027
992	17.5248841728
993	17.5354954416
994	17.5437154386
995	17.5470034375
996	17.5589597967
997	17.5676281572
998	17.5676281572
999	17.5724107009
1000	17.5858616051
1001	17.5813779704
1002	17.5939321477
1003	17.5840681512
1004	17.5795845165
1005	17.5858616051
1006	17.5821252429
1007	17.5644896129
1008	17.5677776117
1009	17.5570168884
1010	17.5450605291
1011	17.5535794351
1012	17.5473023464
1013	17.5484979824
1014	17.5531310716
1015	17.5419219848
1016	17.5365416231
1017	17.5342998057
1018	17.5259303542
1019	17.5038110895
1020	17.4988790913
1021	17.4845314602
1022	17.4798983709
1023	17.4591241967
1024	17.4271409356
1025	17.3966522194
1026	17.3890300404
1027	17.3624271409
1028	17.3403078763
1029	17.3268569721
1030	17.2983111643
1031	17.2808249888
1032	17.2649828127
1033	17.2524286355
1034	17.2425646391
1035	17.2362875504
1036	17.2040053804
1037	17.1857719324
1038	17.1821850247
1039	17.1584217606
1040	17.1197130474
1041	17.1137348677
1042	17.0823494246
1043	17.0497683455
1044	17.0272007174
1045	16.9904349126
1046	16.9629352862
1047	16.9475414736
1048	16.9140636676
1049	16.8799880436
1050	16.8599611418
1051	16.8203557017
1052	16.7892691675
1053	16.7740248094
1054	16.7357644597
1055	16.6995964729
1056	16.6821102974
1057	16.6608877597
1058	16.6405619489
1059	16.622328501
1060	16.5906441489
1061	16.5688237932
1062	16.5570168884
1063	16.5256314452
1064	16.5114332686
1065	16.5020176356
1066	16.4834852787
1067	16.4692871021
1068	16.4567329248
1069	16.43760275
1070	16.41996712
1071	16.4124943955
1072	16.3951576745
1073	16.362128232
1074	16.353011508
1075	16.3298460619
1076	16.3099686146
1077	16.30249589
1078	16.2914362577
1079	16.2748468091
1080	16.2666268121
1081	16.2594529966
1082	16.2530264534
1083	16.2500373636
1084	16.2382304588
1085	16.2268719175
1086	16.2262740995
1087	16.2156628307
1088	16.2092362876
1089	16.2131221043
1090	16.218801375
1091	16.218801375
1092	16.23494246
1093	16.2359886415
1094	16.2262740995
1095	16.2288148259
1096	16.2316544612
1097	16.2298610073
1098	16.261096996
1099	16.2622926319
1100	16.2714093559
1101	16.2975638918
1102	16.302196981
1103	16.3160962487
1104	16.3256613361
1105	16.3286504259
1106	16.3308922433
1107	16.3302944253
1108	16.3301449709
1109	16.3400089673
1110	16.34509042
1111	16.3329846062
1112	16.3428486026
1113	16.3736362278
1114	16.3906740398
1115	16.4089074877
1116	16.4347631146
1117	16.4482140188
1118	16.4674936482
1119	16.4952921835
1120	16.5070990883
1121	16.5180092662
1122	16.5477507099
1123	16.5640412494
1124	16.5792856075
1125	16.6079808698
1126	16.6118666866
1127	16.6245703183
1128	16.6501270363
1129	16.672246301
1130	16.6853982962
1131	16.7070691974
1132	16.7205201016
1133	16.7181288298
1134	16.7365117322
1135	16.74742191
1136	16.7544462711
1137	16.7749215364
1138	16.7741742639
1139	16.7758182633
1140	16.7873262592
1141	16.797638619
1142	16.8027200717
1143	16.8083993424
1144	16.8196084292
1145	16.8308175161
1146	16.8538335077
1147	16.8630996861
1148	16.8777462263
1149	16.8928411299
1150	16.9025556718
1151	16.9089822149
1152	16.9345389329
1153	16.9448512928
1154	16.949484382
1155	16.9571065611
1156	16.9686145569
1157	16.9742938275
1158	17.0029890898
1159	16.9973098192
1160	17.0008967269
1161	17.0146465401
1162	17.0138992677
1163	17.0101629054
1164	17.0183829024
1165	17.0177850844
1166	17.0324316246
1167	17.0476759827
1168	17.0473770737
1169	17.0321327156
1170	17.0473770737
1171	17.0372141683
1172	17.0348228964
1173	17.034374533
1174	17.0150949036
1175	17.0064265431
1176	17.0106112689
1177	17.0074727246
1178	17.0109101779
1179	17.0209236288
1180	17.032879988
1181	17.0266028994
1182	17.0394559857
1183	17.0376625318
1184	17.0312359886
1185	17.0355701689
1186	17.0195785383
1187	17.0067254521
1188	17.0001494545
1189	17.0011956359
1190	16.9844567329
1191	16.9877447317
1192	16.9884920042
1193	16.9704080108
1194	16.983261097
1195	16.9763861904
1196	16.9620385593
1197	16.9660738305
1198	16.9490360185
1199	16.9399192946
1200	16.9348378419
1201	16.9189956658
1202	16.8979225826
1203	16.9006127634
1204	16.8871618592
1205	16.8841727694
1206	16.8879091317
1207	16.8862651323
1208	16.8793902257
1209	16.8832760424
1210	16.8635480496
1211	16.8698251382
1212	16.874308773
1213	16.8728142281
1214	16.8642953221
1215	16.8629502317
1216	16.8562247796
1217	16.856972052
1218	16.849050964
1219	16.8278284262
1220	16.8124346137
1221	16.8027200717
1222	16.79001644
1223	16.7885218951
1224	16.7936033478
1225	16.7885218951
1226	16.7889702586
1227	16.7924077119
1228	16.7922582574
1229	16.7702884472
1230	16.7702884472
1231	16.7445822747
1232	16.7469735466
1233	16.7577342699
1234	16.7442833657
1235	16.7342699148
1236	16.7444328202
1237	16.7393513675
1238	16.7275444627
1239	16.7226124645
1240	16.7215662831
1241	16.7193244657
1242	16.7372590046
1243	16.7332237334
1244	16.7350171873
1245	16.7368106412
1246	16.7362128232
1247	16.7365117322
1248	16.7523539082
1249	16.7426393663
1250	16.7418920939
1251	16.7420415483
1252	16.7275444627
1253	16.7158870124
1254	16.7229113735
1255	16.7163353759
1256	16.7130473771
1257	16.7239575549
1258	16.730384098
1259	16.7339710058
1260	16.7429382753
1261	16.7523539082
1262	16.7514571813
1263	16.7764160813
1264	16.7862800777
1265	16.7832909879
1266	16.7973397101
1267	16.7946495292
1268	16.7849349873
1269	16.7973397101
1270	16.8025706172
1271	16.8085487969
1272	16.8303691526
1273	16.8363473322
1274	16.8466596921
1275	16.8628007772
1276	16.8677327754
1277	16.8729636826
1278	16.8968764011
1279	16.9079360335
1280	16.9110745778
1281	16.9267672994
1282	16.9233298461
1283	16.9246749365
1284	16.9296069347
1285	16.9191451203
1286	16.9172022119
1287	16.9294574802
1288	16.9357345688
1289	16.9423105664
1290	16.9382752952
1291	16.9441040203
1292	16.9562098341
1293	16.9708563742
1294	16.9843072784
1295	16.9967120012
1296	17.0101629054
1297	17.0152443581
1298	17.0236138096
1299	17.0330294425
1300	17.0428934389
1301	17.0493199821
1302	17.0656105216
1303	17.0814526977
1304	17.0898221492
1305	17.0898221492
1306	17.0813032432
1307	17.0866836048
1308	17.0977432372
1309	17.0965476013
1310	17.0983410551
1311	17.1085039605
1312	17.1126886863
1313	17.1037214168
1314	17.1234494097
1315	17.1201614109
1316	17.1247945001
1317	17.1237483186
1318	17.1331639516
1319	17.1406366761
1320	17.1576744881
1321	17.1615603049
1322	17.1663428486
1323	17.1812882977
1324	17.202062472
1325	17.2117770139
1326	17.2271708265
1327	17.2359886415
1328	17.2380810043
1329	17.2485428187
1330	17.2590046331
1331	17.2616948139
1332	17.2711104469
1333	17.2763413541
1334	17.2700642654
1335	17.2639366313
1336	17.2603497235
1337	17.2460020924
1338	17.2549693618
1339	17.2634882678
1340	17.2667762666
1341	17.2924824391
1342	17.285458078
1343	17.2844118966
1344	17.2890449858
1345	17.286354805
1346	17.2878493499
1347	17.2869526229
1348	17.2956209834
1349	17.2954715289
1350	17.2989089822
1351	17.2832162606
1352	17.2785831714
1353	17.269018084
1354	17.2584068151
1355	17.2637871768
1356	17.2691675385
1357	17.2642355403
1358	17.2811238978
1359	17.2890449858
1360	17.2827678972
1361	17.2845613511
1362	17.2914362577
1363	17.2887460768
1364	17.2876998954
1365	17.2911373487
1366	17.2951726199
1367	17.3015991631
1368	17.3171424301
1369	17.3150500673
1370	17.3081751607
1371	17.3050366164
1372	17.3029442535
1373	17.2971155283
1374	17.2999551637
1375	17.3014497086
1376	17.285756987
1377	17.2908384397
1378	17.2954715289
1379	17.3075773427
1380	17.3268569721
1381	17.32745479
1382	17.3276042445
1383	17.3349275146
1384	17.3367209685
1385	17.3322373337
1386	17.3416529667
1387	17.3305933343
1388	17.3328351517
1389	17.3302944253
1390	17.3367209685
1391	17.3286504259
1392	17.3276042445
1393	17.3205798834
1394	17.3147511583
1395	17.318935884
1396	17.3172918846
1397	17.2977133463
1398	17.2906889852
1399	17.2926318936
1400	17.2809744433
1401	17.2706620834
1402	17.2655806307
1403	17.2460020924
1404	17.2219399193
1405	17.2201464654
1406	17.2174562846
1407	17.2126737408
1408	17.2140188313
1409	17.2078911971
1410	17.218203557
1411	17.209385742
1412	17.2007173816
1413	17.1989239277
1414	17.1808399342
1415	17.1730683007
1416	17.168584666
1417	17.1635032133
1418	17.1608130324
1419	17.160364669
1420	17.151247945
1421	17.1373486773
1422	17.1346584965
1423	17.1298759528
1424	17.1117919593
1425	17.1110446869
1426	17.1213570468
1427	17.1216559558
1428	17.1153788671
1429	17.1146315947
1430	17.1114930504
1431	17.0966970557
1432	17.0886265132
1433	17.0671050665
1434	17.0526079809
1435	17.0330294425
1436	17.0222687192
1437	17.0122552683
1438	16.9919294575
1439	16.9748916455
1440	16.9642803766
1441	16.9334927515
1442	16.9224331191
1443	16.9195934838
1444	16.9112240323
1445	16.9056942161
1446	16.8908982215
1447	16.8771484083
1448	16.8639964131
1449	16.8713196832
1450	16.8650425945
1451	16.8607084143
1452	16.8518905993
1453	16.8332087879
1454	16.8273800628
1455	16.815274249
1456	16.8134807951
1457	16.8045135256
1458	16.8055597071
1459	16.7919593484
1460	16.7867284412
1461	16.7782095352
1462	16.7731280825
1463	16.764758631
1464	16.7668509939
1465	16.7456284561
1466	16.739201913
1467	16.7281422807
1468	16.7100582873
1469	16.6933193842
1470	16.6789717531
1471	16.6865939321
1472	16.6706023016
1473	16.6574503064
1474	16.6592437603
1475	16.6465401285
1476	16.6523688537
1477	16.664026304
1478	16.6532655806
1479	16.6520699447
1480	16.6584964878
1481	16.6498281273
1482	16.6499775818
1483	16.6505753998
1484	16.6492303094
1485	16.6505753998
1486	16.6499775818
1487	16.6516215812
1488	16.664026304
1489	16.6607383052
1490	16.6689583022
1491	16.6707517561
1492	16.6619339411
1493	16.6602899417
1494	16.6628306681
1495	16.6625317591
1496	16.6731430279
1497	16.6865939321
1498	16.6942161112
1499	16.6922732028
1500	16.6957106561
1501	16.6928710208
1502	16.689881931
1503	16.6880884771
1504	16.7001942908
1505	16.7022866537
1506	16.7151397399
1507	16.7242564639
1508	16.7327753699
1509	16.7426393663
1510	16.7498131819
1511	16.755641907
1512	16.764459722
1513	16.7629651771
1514	16.7734269915
1515	16.7794051711
1516	16.7823942609
1517	16.7807502615
1518	16.7840382603
1519	16.8027200717
1520	16.8054102526
1521	16.8178149753
1522	16.8203557017
1523	16.8269316993
1524	16.8285756987
1525	16.8361978777
1526	16.8451651472
1527	16.8586160514
1528	16.8795396802
1529	16.8787924077
1530	16.8880585862
1531	16.891047676
1532	16.8991182185
1533	16.8985204005
1534	16.9179494844
1535	16.9287102077
1536	16.9360334778
1537	16.9379763862
1538	16.949484382
1539	16.9539680167
1540	16.9651771036
1541	16.9793752802
1542	16.9846061874
1543	16.9989538186
1544	17.0046330892
1545	17.0188312659
1546	17.0357196234
1547	17.0381108952
1548	17.0520101629
1549	17.0545508893
1550	17.0606785234
1551	17.0714392467
1552	17.0674039755
1553	17.0750261545
1554	17.0799581527
1555	17.0850396054
1556	17.0811537887
1557	17.0974443282
1558	17.0946046929
1559	17.0944552384
1560	17.0955014198
1561	17.0950530563
1562	17.1029741444
1563	17.1035719623
1564	17.1037214168
1565	17.1108952324
1566	17.134210133
1567	17.1469137648
1568	17.1357046779
1569	17.1415334031
1570	17.1490061276
1571	17.1488566731
1572	17.1422806755
1573	17.1391421312
1574	17.1464654013
1575	17.1530413989
1576	17.1642504857
1577	17.1585712151
1578	17.1684352115
1579	17.1717232103
1580	17.1681363025
1581	17.1627559408
1582	17.1630548498
1583	17.1531908534
1584	17.1687341205
1585	17.1670901211
1586	17.1708264833
1587	17.1709759378
1588	17.1738155732
1589	17.1675384845
1590	17.1636526678
1591	17.159467942
1592	17.1478104917
1593	17.1418323121
1594	17.1383948588
1595	17.1277835899
1596	17.1198625019
1597	17.1032730534
1598	17.0872814228
1599	17.0694963384
1600	17.0535047078
1601	17.0349723509
1602	17.0179345389
1603	17.0094156329
1604	16.9904349126
1605	16.9952174563
1606	16.9962636377
1607	16.9895381856
1608	16.9820654611
1609	16.9759378269
1610	16.9638320132
1611	16.9680167389
1612	16.9603945599
1613	16.958302197
1614	16.9542669257
1615	16.9524734718
1616	16.9478403826
1617	16.9361829323
1618	16.9227320281
1619	16.9192945748
1620	16.9130174862
1621	16.9009116724
1622	16.8849200418
1623	16.8728142281
1624	16.865789867
1625	16.8520400538
1626	16.8457629652
1627	16.849050964
1628	16.8442684203
1629	16.8459124197
1630	16.8255866089
1631	16.8145269765
1632	16.8095949783
1633	16.8009266178
1634	16.7950978927
1635	16.7928560753
1636	16.790315349
1637	16.7637124496
1638	16.7593782693
1639	16.7499626364
1640	16.7429382753
1641	16.7545957256
1642	16.7430877298
1643	16.7362128232
1644	16.7288895531
1645	16.739201913
1646	16.7293379166
1647	16.7275444627
1648	16.7302346436
1649	16.7245553729
1650	16.7324764609
1651	16.7161859214
1652	16.7179793753
1653	16.7275444627
1654	16.7241070094
1655	16.7181288298
1656	16.7282917352
1657	16.7197728292
1658	16.7190255567
1659	16.7114033777
1660	16.7108055597
1661	16.7034822896
1662	16.7076670154
1663	16.7024361082
1664	16.696906292
1665	16.7075175609
1666	16.7161859214
1667	16.714541922
1668	16.7275444627
1669	16.731579734
1670	16.7501120909
1671	16.7617695412
1672	16.7776117172
1673	16.7740248094
1674	16.7741742639
1675	16.790315349
1676	16.8037662532
1677	16.8239426095
1678	16.8209535197
1679	16.8148258855
1680	16.8127335226
1681	16.8104917053
1682	16.8109400687
1683	16.8294724256
1684	16.8329098789
1685	16.831714243
1686	16.8373935137
1687	16.8382902406
1688	16.8433716933
1689	16.8475564191
1690	16.8538335077
1691	16.8542818712
1692	16.848752055
1693	16.8535345987
1694	16.8536840532
1695	16.866088776
1696	16.8728142281
1697	16.8725153191
1698	16.88252877
1699	16.8801374981
1700	16.874308773
1701	16.8804364071
1702	16.8729636826
1703	16.873412046
1704	16.883126588
1705	16.8903004035
1706	16.8976236736
1707	16.9073382155
1708	16.9113734868
1709	16.9070393065
1710	16.940367658
1711	16.950381109
1712	16.9526229263
1713	16.9596472874
1714	16.9683156479
1715	16.9644298311
1716	16.9745927365
1717	16.9756389179
1718	16.9742938275
1719	16.9884920042
1720	16.9941712748
1721	16.9961141832
1722	17.0103123599
1723	17.0028396353
1724	17.0055298162
1725	17.0070243611
1726	17.0141981767
1727	17.0227170826
1728	17.0367658048
1729	17.0421461665
1730	17.058735615
1731	17.075773427
1732	17.101031236
1733	17.1101479599
1734	17.1235988641
1735	17.1340606785
1736	17.1500523091
1737	17.1617097594
1738	17.1522941264
1739	17.1500523091
1740	17.1620086684
1741	17.1641010312
1742	17.167986848
1743	17.1726199372
1744	17.1814377522
1745	17.1602152145
1746	17.1763562995
1747	17.1802421163
1748	17.1658944851
1749	17.1608130324
1750	17.1479599462
1751	17.1330144971
1752	17.151845763
1753	17.1530413989
1754	17.1513973995
1755	17.1578239426
1756	17.1555821252
1757	17.151845763
1758	17.1669406666
1759	17.158870124
1760	17.1545359438
1761	17.1539381258
1762	17.1667912121
1763	17.1658944851
1764	17.1715737558
1765	17.1766552085
1766	17.1814377522
1767	17.1836795696
1768	17.1862202959
1769	17.1769541175
1770	17.1697803019
1771	17.1751606636
1772	17.1735166642
1773	17.185622478
1774	17.1872664774
1775	17.1777013899
1776	17.1769541175
1777	17.1777013899
1778	17.1651472127
1779	17.1696308474
1780	17.1633537588
1781	17.1576744881
1782	17.1521446719
1783	17.1464654013
1784	17.1361530414
1785	17.1327155881
1786	17.126587954
1787	17.117770139
1788	17.1198625019
1789	17.1049170528
1790	17.1141832312
1791	17.1129875953
1792	17.1122403228
1793	17.1032730534
1794	17.0944552384
1795	17.075175609
1796	17.0730832462
1797	17.0792108803
1798	17.0741294276
1799	17.0588850695
1800	17.0545508893
1801	17.0494694366
1802	17.0538036168
1803	17.0307876252
1804	17.0116574503
1805	16.9792258257
1806	16.9609923778
1807	16.949783291
1808	16.9342400239
1809	16.9142131221
1810	16.9103273053
1811	16.9112240323
1812	16.9152593035
1813	16.9094305784
1814	16.9053953071
1815	16.9024062173
1816	16.8925422209
1817	16.873113137
1818	16.8900014945
1819	16.8829771335
1820	16.8804364071
1821	16.8892542221
1822	16.8879091317
1823	16.8844716784
1824	16.8955313107
1825	16.881930952
1826	16.8777462263
1827	16.8675833209
1828	16.8611567778
1829	16.8571215065
1830	16.8554775071
1831	16.8480047825
1832	16.8415782394
1833	16.8460618742
1834	16.8439695113
1835	16.8209535197
1836	16.8118367957
1837	16.8110895232
1838	16.7968913466
1839	16.7949484382
1840	16.7952473472
1841	16.8018233448
1842	16.8001793454
1843	16.8085487969
1844	16.8013749813
1845	16.7919593484
1846	16.7786578987
1847	16.7659542669
1848	16.7774622627
1849	16.7744731729
1850	16.756538634
1851	16.7602749963
1852	16.7522044537
1853	16.7511582723
1854	16.7418920939
1855	16.7507099088
1856	16.7366611867
1857	16.7276939172
1858	16.7200717382
1859	16.7099088328
1860	16.7039306531
1861	16.7084142878
1862	16.7121506501
1863	16.7012404723
1864	16.7000448363
1865	16.6964579286
1866	16.7046779256
1867	16.7125990136
1868	16.7203706471
1869	16.7190255567
1870	16.7130473771
1871	16.713645195
1872	16.7037811986
1873	16.7042295621
1874	16.7016888357
1875	16.6903302944
1876	16.6989986549
1877	16.706321925
1878	16.7130473771
1879	16.7241070094
1880	16.7166342849
1881	16.7149902855
1882	16.7238081004
1883	16.7199222837
1884	16.7223135555
1885	16.7151397399
1886	16.7028844717
1887	16.6976535645
1888	16.7003437453
1889	16.6973546555
1890	16.7115528322
1891	16.7190255567
1892	16.7197728292
1893	16.7253026453
1894	16.7241070094
1895	16.7133462861
1896	16.7314302795
1897	16.7380062771
1898	16.7390524585
1899	16.7451800927
1900	16.7614706322
1901	16.7708862651
1902	16.7791062621
1903	16.782095352
1904	16.7918098939
1905	16.8009266178
1906	16.8051113436
1907	16.7934538933
1908	16.8100433418
1909	16.8224480646
1910	16.8145269765
1911	16.8257360634
1912	16.8288746077
1913	16.8305186071
1914	16.8300702436
1915	16.8447167837
1916	16.8333582424
1917	16.8345538783
1918	16.8462113287
1919	16.8517411448
1920	16.85756987
1921	16.8560753251
1922	16.8607084143
1923	16.8701240472
1924	16.8678822299
1925	16.8592138694
1926	16.8681811388
1927	16.8719175011
1928	16.8717680466
1929	16.8808847706
1930	16.8946345838
1931	16.9103273053
1932	16.9140636676
1933	16.9218353012
1934	16.9234793006
1935	16.9278134808
1936	16.9354356598
1937	16.9318487521
1938	16.9355851143
1939	16.9282618443
1940	16.9128680317
1941	16.9107756688
1942	16.9030040353
1943	16.8985204005
1944	16.890748767
1945	16.8991182185
1946	16.9079360335
1947	16.915408758
1948	16.9109251233
1949	16.9095800329
1950	16.8988193095
1951	16.9104767598
1952	16.898669855
1953	16.9131669407
1954	16.9158571215
1955	16.9185473023
1956	16.9106262143
1957	16.9107756688
1958	16.9044985802
1959	16.8965774922
1960	16.8820804065
1961	16.8722164101
1962	16.8814825886
1963	16.8699745927
1964	16.848752055
1965	16.8462113287
1966	16.8439695113
1967	16.8397847855
1968	16.8616051412
1969	16.8505455089
1970	16.8420266029
1971	16.839635331
1972	16.8296218801
1973	16.8151247945
1974	16.8040651622
1975	16.79001644
1976	16.7826931699
1977	16.7665520849
1978	16.7589299058
1979	16.7522044537
1980	16.7611717232
1981	16.7414437304
1982	16.7281422807
1983	16.7294873711
1984	16.7188761022
1985	16.7163353759
1986	16.7163353759
1987	16.7103571962
1988	16.7039306531
1989	16.7078164699
1990	16.7058735615
1991	16.7049768346
1992	16.706023016
1993	16.7194739202
1994	16.7250037364
1995	16.7278433717
1996	16.7287400986
1997	16.7251531909
1998	16.7359139142
1999	16.7140935585
2000	16.705724107
